1 1 609 0.488161 -1.949336 0.029479 -0.015003 1
2 2 610 1.943230 -1.940876 0.010764 0.013786 1
3 3 611 1.948786 -0.642819 -0.016347 0.016997 1
4 4 612 0.703312 -0.705560 -0.026290 -0.030241 1
5 5 613 1.944285 1.939995 -0.020258 0.016052 2
6 6 614 0.482775 1.947371 -0.015222 -0.015220 2
7 7 615 0.698120 0.709584 0.033970 -0.017919 2
8 8 616 1.949501 0.645736 0.013076 0.024274 2
9 9 617 0.713658 -0.653882 0.035333 -0.002535 3
10 10 618 1.935473 -0.543055 0.010476 0.012946 3
11 11 619 1.935968 0.544313 -0.016525 0.014093 3
12 12 320 0.713850 0.654073 -0.039797 -0.015552 3
13 13 321 0.251844 0.000048 0.009258 -0.047461 3
14 14 620 -1.935473 -0.543055 0.016247 -0.013695 4
15 15 323 -0.713658 -0.653882 0.039681 0.014991 4
16 16 324 -0.251844 0.000048 -0.009970 0.047220 4
17 17 621 -0.713850 0.654073 -0.035413 0.002907 4
18 18 622 -1.935968 0.544313 -0.010723 -0.013543 4
19 19 623 -1.948786 -0.642819 -0.013443 -0.024400 5
20 20 624 -1.943230 -1.940876 0.020660 -0.015830 5
21 21 625 -0.488161 -1.949336 0.017158 0.016057 5
22 22 626 -0.703312 -0.705560 -0.035274 0.016334 5
23 23 627 -0.698120 0.709584 0.024095 0.030438 6
24 24 628 -0.482775 1.947371 -0.028349 0.015730 6
25 25 629 -1.944285 1.939995 -0.010137 -0.013272 6
26 26 630 -1.949501 0.645736 0.016353 -0.017416 6
27 27 631 -0.381491 1.926346 -0.016667 -0.019785 7
28 28 336 -0.641679 0.705462 0.007661 -0.040853 7
29 29 185 -0.199120 0.042125 0.028819 -0.014539 7
30 30 337 0.199120 0.042125 0.034585 0.031688 7
31 31 632 0.641679 0.705462 -0.003818 0.036615 7
32 32 339 0.381491 1.926346 -0.016728 0.013218 7
33 33 633 0.381967 -1.926176 0.017036 0.019791 8
34 34 341 0.641456 -0.705625 -0.008146 0.040846 8
35 35 191 0.197917 -0.043772 -0.028156 0.013982 8
36 36 342 -0.197917 -0.043772 -0.034645 -0.031103 8
37 37 634 -0.641456 -0.705625 0.003325 -0.036748 8
38 38 344 -0.381967 -1.926176 0.016920 -0.013129 8
39 39 40 -2.000000 -2.000000 4.000000 0.000000 0
40 40 41 2.000000 -2.000000 0.000000 4.000000 0
41 41 42 2.000000 2.000000 -4.000000 0.000000 0
42 42 39 -2.000000 2.000000 0.000000 -4.000000 0
43 43 635 1.222412 -1.979226 0.047202 0.000000 1
44 44 636 1.979225 -1.299738 -0.000000 0.042434 1
45 45 637 1.342378 -0.636877 -0.039566 -0.002894 1
46 46 638 0.542460 -1.337214 -0.007602 -0.039533 1
47 47 639 1.219716 1.979292 -0.047577 -0.000000 2
48 48 640 0.540582 1.339166 0.007603 -0.039533 2
49 49 641 1.339805 0.638957 0.039940 -0.002906 2
50 50 642 1.979294 1.300372 -0.000000 0.042434 2
51 51 643 1.341833 -0.614835 0.039939 0.002920 3
52 52 644 1.976586 -0.000000 -0.000000 0.036882 3
53 53 645 1.341977 0.616758 -0.039940 0.002907 3
54 54 646 0.456780 0.352298 -0.014504 -0.021339 3
55 55 647 0.455901 -0.352894 0.014509 -0.021337 3
56 56 648 -1.341833 -0.614835 0.039939 -0.002921 4
57 57 649 -0.455901 -0.352894 0.014503 0.021340 4
58 58 650 -0.456780 0.352298 -0.014510 0.021336 4
59 59 651 -1.341977 0.616758 -0.039940 -0.002906 4
60 60 652 -1.976586 -0.000000 0.000000 -0.036882 4
61 61 653 -1.979225 -1.299738 0.000000 -0.042434 5
62 62 654 -1.222412 -1.979226 0.047202 0.000000 5
63 63 655 -0.542460 -1.337214 -0.007603 0.039533 5
64 64 656 -1.342378 -0.636877 -0.039566 0.002892 5
65 65 657 -0.540582 1.339166 0.007602 0.039533 6
66 66 658 -1.219716 1.979292 -0.047577 -0.000000 6
67 67 659 -1.979294 1.300372 0.000000 -0.042434 6
68 68 660 -1.339805 0.638957 0.039940 0.002907 6
69 69 661 -0.518792 1.331714 -0.007673 -0.039895 7
70 70 662 -0.438191 0.367651 0.014505 -0.021339 7
71 71 373 -0.000000 0.012115 0.027541 0.000121 7
72 72 663 0.438191 0.367651 0.014510 0.021335 7
73 73 664 0.518792 1.331714 -0.007671 0.039894 7
74 74 665 0.000000 1.973129 -0.027347 -0.000005 7
75 75 666 0.520116 -1.331968 0.007672 0.039895 8
76 76 667 0.437231 -0.368303 -0.014504 0.021339 8
77 77 379 0.000000 -0.014388 -0.027530 -0.000125 8
78 78 668 -0.437231 -0.368303 -0.014508 -0.021336 8
79 79 669 -0.520116 -1.331968 0.007671 -0.039895 8
80 80 670 0.000000 -1.972714 0.027347 0.000005 8
81 81 671 0.844797 -1.979221 0.047201 -0.000003 1
82 82 672 1.979208 -1.639206 0.000012 0.042433 1
83 83 673 1.658947 -0.614053 -0.039585 -0.002758 1
84 84 674 0.603436 -1.020960 -0.007676 -0.039529 1
85 85 675 1.600331 1.979286 -0.047576 0.000005 2
86 86 676 0.480046 1.655525 0.007477 -0.039576 2
87 87 677 1.020284 0.662093 0.039941 -0.002849 2
88 88 678 1.979281 0.960902 0.000009 0.042433 2
89 89 679 1.022322 -0.638164 0.039939 0.002898 3
90 90 680 1.976450 -0.295062 0.000082 0.036885 3
91 91 681 1.661530 0.593791 -0.039955 0.002789 3
92 92 682 0.573834 0.522509 -0.014896 -0.021156 3
93 93 683 0.340020 -0.181978 0.014436 -0.021441 3
94 94 684 -1.661385 -0.591799 0.039957 -0.002786 4
95 95 685 -0.572968 -0.523097 0.014911 0.021148 4
96 96 686 -0.340905 0.181386 -0.014433 0.021438 4
97 97 687 -1.022457 0.639899 -0.039941 -0.002850 4
98 98 688 -1.976455 0.295062 -0.000080 -0.036885 4
99 99 689 -1.979213 -0.960269 -0.000008 -0.042433 5
100 100 690 -1.600027 -1.979220 0.047201 -0.000005 5
101 101 691 -0.481986 -1.653598 -0.007452 0.039587 5
102 102 692 -1.025851 -0.659991 -0.039567 0.002873 5
103 103 693 -0.601582 1.022919 0.007688 0.039526 6
104 104 694 -0.839101 1.979287 -0.047576 0.000004 6
105 105 695 -1.979278 1.639842 -0.000011 -0.042433 6
106 106 696 -1.659362 0.615987 0.039958 0.002785 6
107 107 697 -0.457688 1.650944 -0.007554 -0.039927 7
108 108 698 -0.554866 0.537922 0.014703 -0.021207 7
109 109 411 -0.111571 0.015552 0.028415 -0.001952 7
110 110 699 0.322122 0.196905 0.014526 0.021352 7
111 111 700 0.580364 1.012582 -0.007765 0.039883 7
112 112 701 0.218991 1.971371 -0.027453 0.000803 7
113 113 702 0.459085 -1.651217 0.007525 0.039935 8
114 114 703 0.553914 -0.538575 -0.014714 0.021201 8
115 115 417 0.111436 -0.017874 -0.028343 0.001969 8
116 116 704 -0.321146 -0.197569 -0.014533 -0.021347 8
117 117 705 -0.581653 -1.012832 0.007748 -0.039884 8
118 118 706 -0.219008 -1.970928 0.027461 -0.000813 8
119 119 707 1.600027 -1.979220 0.047226 0.000016 1
120 120 708 1.979213 -0.960269 -0.000025 0.042466 1
121 121 709 1.025851 -0.659991 -0.039614 -0.002866 1
122 122 710 0.481986 -1.653598 -0.007385 -0.039800 1
123 123 711 0.839101 1.979287 -0.047595 -0.000012 2
124 124 712 0.601582 1.022919 0.007773 -0.039566 2
125 125 713 1.659362 0.615987 0.040049 -0.002721 2
126 126 714 1.979278 1.639842 -0.000036 0.042455 2
127 127 715 1.661385 -0.591799 0.039975 0.002730 3
128 128 716 1.976455 0.295062 -0.000193 0.036904 3
129 129 717 1.022457 0.639899 -0.039940 0.002815 3
130 130 718 0.340905 0.181386 -0.014399 -0.021569 3
131 131 719 0.572968 -0.523097 0.015176 -0.021097 3
132 132 720 -1.022322 -0.638164 0.039942 -0.002884 4
133 133 721 -0.340020 -0.181978 0.014403 0.021577 4
134 134 722 -0.573834 0.522509 -0.015151 0.021115 4
135 135 723 -1.661530 0.593791 -0.039970 -0.002739 4
136 136 724 -1.976450 -0.295062 0.000200 -0.036905 4
137 137 725 -1.979208 -1.639206 0.000036 -0.042469 5
138 138 726 -0.844797 -1.979221 0.047230 0.000012 5
139 139 727 -0.603436 -1.020960 -0.007757 0.039597 5
140 140 728 -1.658947 -0.614053 -0.039691 0.002690 5
141 141 729 -0.480046 1.655525 0.007409 0.039726 6
142 142 730 -1.600331 1.979286 -0.047592 -0.000017 6
143 143 731 -1.979281 0.960902 0.000026 -0.042451 6
144 144 732 -1.020284 0.662093 0.039977 0.002820 6
145 145 733 -0.580364 1.012582 -0.007849 -0.039899 7
146 146 734 -0.322122 0.196905 0.014585 -0.021401 7
147 147 449 0.111571 0.015552 0.029566 0.004086 7
148 148 735 0.554866 0.537922 0.014784 0.021282 7
149 149 736 0.457688 1.650944 -0.007499 0.040008 7
150 150 737 -0.218991 1.971371 -0.027789 -0.001435 7
151 151 738 0.581653 -1.012832 0.007818 0.039897 8
152 152 739 0.321146 -0.197569 -0.014594 0.021390 8
153 153 455 -0.111436 -0.017874 -0.029421 -0.004079 8
154 154 740 -0.553914 -0.538575 -0.014805 -0.021273 8
155 155 741 -0.459085 -1.651217 0.007457 -0.040014 8
156 156 742 0.219008 -1.970928 0.027804 0.001445 8
157 157 743 0.655950 -1.978649 0.047179 -0.000396 1
158 158 744 1.977802 -1.808933 0.000935 0.042361 1
159 159 745 1.817980 -0.604621 -0.039859 -0.001812 1
160 160 746 0.635821 -0.862569 -0.008608 -0.039594 1
161 161 747 1.790615 1.978381 -0.047530 0.000637 2
162 162 748 0.452408 1.815317 0.006078 -0.040292 2
163 163 749 0.860376 0.673441 0.039978 -0.002933 2
164 164 750 1.978345 0.791199 0.000615 0.042379 2
165 165 751 0.862622 -0.649706 0.039898 0.002906 3
166 166 752 1.972162 -0.442582 0.002507 0.036799 3
167 167 753 1.821285 0.582539 -0.039857 0.003076 3
168 168 754 0.638110 0.605761 -0.017449 -0.020421 3
169 169 755 0.283327 -0.093415 0.013873 -0.023069 3
170 170 756 -1.821179 -0.580648 0.039873 -0.003031 4
171 171 757 -0.637528 -0.606231 0.017585 0.020381 4
172 172 758 -0.284222 0.092978 -0.013872 0.022976 4
173 173 759 -0.862774 0.650965 -0.039891 -0.002733 4
174 174 760 -1.972322 0.442595 -0.002416 -0.036811 4
175 175 761 -1.978306 -0.790509 -0.000596 -0.042393 5
176 176 762 -1.788843 -1.978348 0.047161 -0.000612 5
177 177 763 -0.454435 -1.813841 -0.006071 0.040457 5
178 178 764 -0.867397 -0.671670 -0.039613 0.003046 5
179 179 765 -0.634110 0.864734 0.008662 0.039515 6
180 180 766 -0.648793 1.978664 -0.047545 0.000433 6
181 181 767 -1.977869 1.809532 -0.000938 -0.042359 6
182 182 768 -1.819862 0.606450 0.040241 0.001818 6
183 183 769 -0.428055 1.810902 -0.007400 -0.039911 7
184 184 770 -0.613149 0.624342 0.014156 -0.022221 7
185 185 487 -0.170301 0.027586 0.029164 -0.007947 7
186 186 771 0.262820 0.111326 0.015246 0.021395 7
187 187 772 0.613008 0.853225 -0.008580 0.039749 7
188 188 773 0.329366 1.956105 -0.026993 0.007029 7
189 189 774 0.429585 -1.811167 0.007403 0.039889 8
190 190 775 0.612369 -0.624888 -0.014225 0.022175 8
191 191 493 0.169761 -0.029790 -0.028905 0.007837 8
192 192 776 -0.261756 -0.112110 -0.015285 -0.021337 8
193 193 777 -0.614002 -0.853472 0.008454 -0.039754 8
194 194 778 -0.329523 -1.955690 0.027065 -0.006994 8
195 195 779 1.411220 -1.979226 0.047202 0.000000 1
196 196 780 1.979225 -1.130003 -0.000000 0.042434 1
197 197 781 1.184116 -0.648452 -0.039566 -0.002893 1
198 198 782 0.512076 -1.495353 -0.007574 -0.039542 1
199 199 783 1.029408 1.979292 -0.047577 -0.000000 2
200 200 784 0.571004 1.181037 0.007615 -0.039532 2
201 201 785 1.499566 0.627350 0.039943 -0.002883 2
202 202 786 1.979294 1.470108 -0.000000 0.042434 2
203 203 787 1.501590 -0.603179 0.039942 0.002891 3
204 204 788 1.976583 0.147529 -0.000005 0.036882 3
205 205 789 1.182218 0.628382 -0.039940 0.002900 3
206 206 790 0.398780 0.266929 -0.014492 -0.021351 3
207 207 791 0.514025 -0.438191 0.014603 -0.021287 3
208 208 792 -1.182078 -0.626520 0.039939 -0.002920 4
209 209 793 -0.397903 -0.267524 0.014493 0.021351 4
210 210 794 -0.514911 0.437591 -0.014604 0.021287 4
211 211 795 -1.501737 0.605153 -0.039943 -0.002882 4
212 212 796 -1.976583 -0.147529 0.000005 -0.036882 4
213 213 797 -1.979225 -1.469473 0.000000 -0.042434 5
214 214 798 -1.033604 -1.979226 0.047202 0.000000 5
215 215 799 -0.572880 -1.179084 -0.007614 0.039532 5
216 216 800 -1.500644 -0.625329 -0.039569 0.002865 5
217 217 801 -0.510192 1.497304 0.007580 0.039540 6
218 218 802 -1.410024 1.979292 -0.047577 -0.000000 6
219 219 803 -1.979294 1.130636 0.000000 -0.042434 6
220 220 804 -1.180046 0.650580 0.039940 0.002899 6
221 221 805 -0.549494 1.172136 -0.007686 -0.039893 7
222 222 806 -0.380179 0.282290 0.014506 -0.021342 7
223 223 525 0.055199 0.012659 0.027957 0.000941 7
224 224 807 0.496304 0.452939 0.014581 0.021285 7
225 225 808 0.488124 1.491296 -0.007650 0.039901 7
226 226 809 -0.109395 1.973003 -0.027361 -0.000133 7
227 227 810 0.550815 -1.172391 0.007684 0.039893 8
228 228 811 0.379219 -0.282942 -0.014508 0.021341 8
229 229 531 -0.055171 -0.014946 -0.027921 -0.000958 8
230 230 812 -0.495336 -0.453597 -0.014580 -0.021287 8
231 231 813 -0.489454 -1.491552 0.007643 -0.039902 8
232 232 814 0.109396 -1.972584 0.027362 0.000136 8
233 233 815 1.033604 -1.979226 0.047202 -0.000000 1
234 234 816 1.979225 -1.469473 0.000000 0.042434 1
235 235 817 1.500644 -0.625329 -0.039567 -0.002879 1
236 236 818 0.572880 -1.179084 -0.007608 -0.039532 1
237 237 819 1.410024 1.979292 -0.047577 0.000000 2
238 238 820 0.510192 1.497304 0.007591 -0.039536 2
239 239 821 1.180046 0.650580 0.039940 -0.002904 2
240 240 822 1.979294 1.130636 0.000000 0.042434 2
241 241 823 1.182078 -0.626520 0.039939 0.002921 3
242 242 824 1.976583 -0.147529 0.000002 0.036882 3
243 243 825 1.501737 0.605153 -0.039941 0.002894 3
244 244 826 0.514911 0.437591 -0.014563 -0.021306 3
245 245 827 0.397903 -0.267524 0.014497 -0.021345 3
246 246 828 -1.501590 -0.603179 0.039940 -0.002905 4
247 247 829 -0.514025 -0.438191 0.014561 0.021307 4
248 248 830 -0.398780 0.266929 -0.014496 0.021345 4
249 249 831 -1.182218 0.628382 -0.039940 -0.002904 4
250 250 832 -1.976583 0.147529 -0.000002 -0.036882 4
251 251 833 -1.979225 -1.130003 -0.000000 -0.042434 5
252 252 834 -1.411220 -1.979226 0.047202 -0.000000 5
253 253 835 -0.512076 -1.495353 -0.007588 0.039537 5
254 254 836 -1.184116 -0.648452 -0.039566 0.002894 5
255 255 837 -0.571004 1.181037 0.007609 0.039532 6
256 256 838 -1.029408 1.979292 -0.047577 0.000000 6
257 257 839 -1.979294 1.470108 -0.000000 -0.042434 6
258 258 840 -1.499566 0.627350 0.039941 0.002895 6
259 259 841 -0.488124 1.491296 -0.007660 -0.039897 7
260 260 842 -0.496304 0.452939 0.014553 -0.021305 7
261 261 563 -0.055199 0.012659 0.027659 -0.000423 7
262 262 843 0.380179 0.282290 0.014503 0.021341 7
263 263 844 0.549494 1.172136 -0.007679 0.039894 7
264 264 845 0.109395 1.973003 -0.027353 0.000070 7
265 265 846 0.489454 -1.491552 0.007657 0.039898 8
266 266 847 0.495336 -0.453597 -0.014551 0.021307 8
267 267 569 0.055171 -0.014946 -0.027641 0.000434 8
268 268 848 -0.379219 -0.282942 -0.014504 -0.021340 8
269 269 849 -0.550815 -1.172391 0.007678 -0.039894 8
270 270 850 -0.109396 -1.972584 0.027353 -0.000072 8
271 271 851 1.788843 -1.978348 0.048431 0.001999 1
272 272 852 1.978306 -0.790509 -0.001714 0.043911 1
273 273 853 0.867397 -0.671670 -0.043129 -0.003764 1
274 274 854 0.454435 -1.813841 -0.004016 -0.043224 1
275 275 855 0.648793 1.978664 -0.048595 -0.001382 2
276 276 856 0.634110 0.864734 0.010305 -0.042355 2
277 277 857 1.819862 0.606450 0.041597 -0.000092 2
278 278 858 1.977869 1.809532 -0.002706 0.043251 2
279 279 859 1.821179 -0.580648 0.036874 0.004072 3
280 280 860 1.972322 0.442595 -0.004749 0.033481 3
281 281 861 0.862774 0.650965 -0.038401 0.002614 3
282 282 1145 0.284222 0.092978 -0.012041 -0.022234 3
283 283 585 0.637528 -0.606231 0.036450 -0.032661 3
284 284 862 -0.862622 -0.649706 0.038494 -0.002812 4
285 285 1146 -0.283327 -0.093415 0.011989 0.022347 4
286 286 588 -0.638110 0.605761 -0.035943 0.032761 4
287 287 863 -1.821285 0.582539 -0.036872 -0.004126 4
288 288 864 -1.972162 -0.442582 0.004917 -0.033420 4
289 289 865 -1.977802 -1.808933 0.002727 -0.043665 5
290 290 866 -0.655950 -1.978649 0.048662 0.001264 5
291 291 867 -0.635821 -0.862569 -0.010381 0.042960 5
292 292 868 -1.817980 -0.604621 -0.041925 0.000190 5
293 293 869 -0.452408 1.815317 0.003952 0.042456 6
294 294 870 -1.790615 1.978381 -0.048411 -0.002074 6
295 295 871 -1.978345 0.791199 0.001727 -0.043194 6
296 296 872 -0.860376 0.673441 0.043004 0.003635 6
297 297 873 -0.613008 0.853225 -0.008479 -0.037421 7
298 298 600 -0.262820 0.111326 0.029115 -0.037513 7
299 299 30 0.170301 0.027586 0.028819 0.014539 7
300 300 601 0.613149 0.624342 0.020868 0.040268 7
301 301 874 0.428055 1.810902 -0.007250 0.035002 7
302 302 603 -0.329366 1.956105 -0.035396 -0.016541 7
303 303 875 0.614002 -0.853472 0.008302 0.037355 8
304 304 605 0.261756 -0.112110 -0.029194 0.037235 8
305 305 36 -0.169761 -0.029790 -0.028156 -0.013982 8
306 306 606 -0.612369 -0.624888 -0.020941 -0.039891 8
307 307 876 -0.429585 -1.811167 0.007373 -0.034938 8
308 308 608 0.329523 -1.955690 0.035524 0.016384 8
309 309 877 0.559274 -1.973573 0.048014 -0.003812 1
310 310 878 1.967843 -1.894500 0.007232 0.041902 1
311 311 879 1.901147 -0.609855 -0.041243 0.005424 1
312 312 880 0.658912 -0.776851 -0.012709 -0.042758 1
313 313 881 1.886086 1.970046 -0.047061 0.006261 2
314 314 882 0.451746 1.900162 -0.003290 -0.042389 2
315 315 883 0.774314 0.682202 0.043058 -0.005127 2
316 316 884 1.972045 0.705655 0.004572 0.042350 2
317 317 885 0.785777 -0.655108 0.038350 0.002591 3
318 318 886 1.958047 -0.507329 0.009198 0.031326 3
319 319 887 1.893318 0.570852 -0.035161 0.007560 3
320 320 168 0.674053 0.638522 -0.035943 -0.032761 3
321 321 1147 0.261102 -0.047413 0.010236 -0.023655 3
322 322 888 -1.893211 -0.569061 0.035157 -0.007515 4
323 323 171 -0.673977 -0.638892 0.036450 0.032661 4
324 324 1148 -0.261814 0.047268 -0.010367 0.023476 4
325 325 889 -0.786114 0.655935 -0.038259 -0.002356 4
326 326 890 -1.958635 0.507590 -0.008938 -0.031513 4
327 327 891 -1.971975 -0.703549 -0.004617 -0.043049 5
328 328 892 -1.884404 -1.970303 0.047131 -0.006046 5
329 329 893 -0.453987 -1.900481 0.003568 0.043416 5
330 330 894 -0.781123 -0.680494 -0.043144 0.005060 5
331 331 895 -0.656875 0.780320 0.012460 0.042059 6
332 332 896 -0.552316 1.973113 -0.047883 0.004169 6
333 333 897 -1.968038 1.894308 -0.007126 -0.041525 6
334 334 898 -1.902357 0.612098 0.040898 -0.005741 6
335 335 899 -0.411312 1.879435 -0.009492 -0.033532 7
336 336 184 -0.634017 0.664609 0.020868 -0.040268 7
337 337 186 0.233706 0.073813 0.029115 0.037513 7
338 338 900 0.630171 0.778560 -0.008684 0.037245 7
339 339 188 0.364763 1.939564 -0.035396 0.016541 7
340 340 901 0.412473 -1.879496 0.009739 0.033391 8
341 341 190 0.633310 -0.664779 -0.020941 0.039891 8
342 342 192 -0.232562 -0.074875 -0.029194 -0.037235 8
343 343 902 -0.630758 -0.778926 0.008453 -0.037191 8
344 344 194 -0.365047 -1.939305 0.035524 -0.016384 8
345 345 903 1.316816 -1.979226 0.047202 0.000000 1
346 346 904 1.979225 -1.214870 -0.000000 0.042434 1
347 347 905 1.263247 -0.642664 -0.039565 -0.002894 1
348 348 906 0.527259 -1.416281 -0.007595 -0.039535 1
349 349 907 1.124562 1.979292 -0.047577 -0.000000 2
350 350 908 0.555789 1.260101 0.007606 -0.039532 2
351 351 909 1.419684 0.633146 0.039940 -0.002901 2
352 352 910 1.979294 1.385240 -0.000000 0.042434 2
353 353 911 1.421710 -0.608998 0.039939 0.002913 3
354 354 912 1.976586 0.073765 -0.000001 0.036882 3
355 355 913 1.262097 0.622572 -0.039940 0.002906 3
356 356 914 0.427775 0.309617 -0.014499 -0.021343 3
357 357 915 0.484928 -0.395562 0.014535 -0.021322 3
358 358 916 -1.261956 -0.620677 0.039939 -0.002922 4
359 359 917 -0.426898 -0.310212 0.014499 0.021343 4
360 360 918 -0.485810 0.394964 -0.014537 0.021321 4
361 361 919 -1.421856 0.610948 -0.039940 -0.002901 4
362 362 920 -1.976586 -0.073765 0.000001 -0.036882 4
363 363 921 -1.979225 -1.384606 0.000000 -0.042434 5
364 364 922 -1.128008 -1.979226 0.047202 0.000000 5
365 365 923 -0.557667 -1.258149 -0.007605 0.039532 5
366 366 924 -1.421510 -0.631094 -0.039566 0.002886 5
367 367 925 -0.525380 1.418233 0.007597 0.039535 6
368 368 926 -1.314870 1.979292 -0.047577 -0.000000 6
369 369 927 -1.979294 1.215504 0.000000 -0.042434 6
370 370 928 -1.259926 0.644770 0.039940 0.002906 6
371 371 929 -0.534139 1.251924 -0.007676 -0.039894 7
372 372 930 -0.409184 0.324972 0.014502 -0.021341 7
373 373 223 0.027541 0.012236 0.027659 0.000423 7
374 374 931 0.467219 0.410315 0.014532 0.021319 7
375 375 932 0.503451 1.411503 -0.007666 0.039896 7
376 376 933 -0.054694 1.973108 -0.027349 -0.000035 7
377 377 934 0.535462 -1.252179 0.007675 0.039894 8
378 378 935 0.408225 -0.325623 -0.014502 0.021341 8
379 379 229 -0.027530 -0.014512 -0.027641 -0.000434 8
380 380 936 -0.466255 -0.410969 -0.014530 -0.021321 8
381 381 937 -0.504776 -1.411758 0.007665 -0.039896 8
382 382 938 0.054694 -1.972692 0.027349 0.000036 8
383 383 939 0.939200 -1.979226 0.047202 -0.000000 1
384 384 940 1.979223 -1.554341 0.000001 0.042434 1
385 385 941 1.579785 -0.619620 -0.039572 -0.002843 1
386 386 942 0.588117 -1.100020 -0.007623 -0.039532 1
387 387 943 1.505178 1.979291 -0.047577 0.000000 2
388 388 944 0.495052 1.576390 0.007561 -0.039546 2
389 389 945 1.100166 0.656369 0.039940 -0.002890 2
390 390 946 1.979293 1.045768 0.000001 0.042434 2
391 391 947 1.102201 -0.632356 0.039939 0.002916 3
392 392 948 1.976566 -0.221294 0.000013 0.036883 3
393 393 949 1.581625 0.599410 -0.039945 0.002861 3
394 394 950 0.544180 0.480134 -0.014664 -0.021256 3
395 395 951 0.368924 -0.224810 0.014485 -0.021363 3
396 396 952 -1.581478 -0.597420 0.039945 -0.002868 4
397 397 953 -0.543293 -0.480734 0.014665 0.021255 4
398 398 954 -0.369805 0.224214 -0.014483 0.021363 4
399 399 955 -1.102338 0.634173 -0.039940 -0.002891 4
400 400 956 -1.976566 0.221294 -0.000013 -0.036883 4
401 401 957 -1.979224 -1.045135 -0.000001 -0.042434 5
402 402 958 -1.505624 -1.979226 0.047202 -0.000000 5
403 403 959 -0.496951 -1.574445 -0.007551 0.039550 5
404 404 960 -1.104984 -0.654234 -0.039566 0.002889 5
405 405 961 -0.586246 1.101974 0.007627 0.039531 6
406 406 962 -0.934254 1.979291 -0.047577 0.000000 6
407 407 963 -1.979293 1.554976 -0.000001 -0.042434 6
408 408 964 -1.579454 0.621604 0.039945 0.002863 6
409 409 965 -0.472843 1.571102 -0.007631 -0.039906 7
410 410 966 -0.525503 0.495484 0.014617 -0.021260 7
411 411 261 -0.083156 0.013600 0.027957 -0.000941 7
412 412 967 0.351164 0.239605 0.014509 0.021343 7
413 413 968 0.564878 1.092353 -0.007698 0.039891 7
414 414 969 0.164131 1.972623 -0.027375 0.000247 7
415 415 970 0.474191 -1.571363 0.007619 0.039909 8
416 416 971 0.524535 -0.496144 -0.014618 0.021261 8
417 417 267 0.083093 -0.015905 -0.027921 0.000958 8
418 418 972 -0.350199 -0.240261 -0.014512 -0.021341 8
419 419 973 -0.566192 -1.092606 0.007694 -0.039892 8
420 420 974 -0.164136 -1.972197 0.027378 -0.000251 8
421 421 975 1.694477 -1.979148 0.047204 0.000188 1
422 422 976 1.979114 -0.875341 -0.000212 0.042439 1
423 423 977 0.946624 -0.665721 -0.039614 -0.002903 1
424 424 978 0.467390 -1.733266 -0.006884 -0.040118 1
425 425 979 0.743914 1.979233 -0.047576 -0.000136 2
426 426 980 0.617268 0.943803 0.008180 -0.039553 2
427 427 981 1.739480 0.610656 0.040142 -0.002388 2
428 428 982 1.979132 1.724747 -0.000325 0.042426 2
429 429 983 1.741340 -0.586387 0.039966 0.002708 3
430 430 984 1.975803 0.368877 -0.001066 0.036908 3
431 431 985 0.942582 0.645490 -0.039917 0.002743 3
432 432 986 0.312218 0.138075 -0.014123 -0.022122 3
433 433 987 0.603698 -0.565131 0.016245 -0.020718 3
434 434 988 -0.942442 -0.643922 0.039923 -0.002878 4
435 435 989 -0.311324 -0.138643 0.014125 0.022159 4
436 436 990 -0.604493 0.564587 -0.016168 0.020753 4
437 437 991 -1.741474 0.588351 -0.039954 -0.002737 4
438 438 992 -1.975774 -0.368877 0.001106 -0.036906 4
439 439 993 -1.979062 -1.724139 0.000325 -0.042433 5
440 440 994 -0.750339 -1.979171 0.047210 0.000126 5
441 441 995 -0.619077 -0.941776 -0.008137 0.039612 5
442 442 996 -1.738349 -0.608788 -0.039772 0.002355 5
443 443 997 -0.465394 1.735036 0.006907 0.039989 6
444 444 998 -1.695513 1.979212 -0.047572 -0.000194 6
445 445 999 -1.979179 0.876004 0.000219 -0.042425 6
446 446 1000 -0.940331 0.667704 0.039977 0.002803 6
447 447 1001 -0.596202 0.932808 -0.008226 -0.039833 7
448 448 1002 -0.292888 0.154108 0.014821 -0.021387 7
449 449 299 0.141137 0.019639 0.029164 0.007947 7
450 450 1003 0.584403 0.580548 0.014590 0.021573 7
451 451 1004 0.442780 1.730976 -0.007325 0.040015 7
452 452 1005 -0.274620 1.967429 -0.027754 -0.004295 7
453 453 1006 0.597407 -0.933060 0.008141 0.039834 8
454 454 1007 0.291886 -0.154802 -0.014845 0.021354 8
455 455 305 -0.140857 -0.021953 -0.028905 -0.007837 8
456 456 1008 -0.583505 -0.581173 -0.014638 -0.021540 8
457 457 1009 -0.444269 -1.731262 0.007282 -0.040016 8
458 458 1010 0.274672 -1.966970 0.027786 0.004286 8
459 459 1011 0.750339 -1.979171 0.047228 -0.000039 1
460 460 1012 1.979062 -1.724139 0.000110 0.042464 1
461 461 1013 1.738349 -0.608788 -0.039710 -0.002575 1
462 462 1014 0.619077 -0.941776 -0.007884 -0.039587 1
463 463 1015 1.695513 1.979212 -0.047590 0.000057 2
464 464 1016 0.465394 1.735036 0.007243 -0.039786 2
465 465 1017 0.940331 0.667704 0.039976 -0.002792 2
466 466 1018 1.979179 0.876004 0.000076 0.042447 2
467 467 1019 0.942442 -0.643922 0.039938 0.002873 3
468 468 1020 1.975774 -0.368877 0.000476 0.036910 3
469 469 1021 1.741474 0.588351 -0.039973 0.002700 3
470 470 1022 0.604493 0.564587 -0.015508 -0.020963 3
471 471 1023 0.311324 -0.138643 0.014293 -0.021759 3
472 472 1024 -1.741340 -0.586387 0.039980 -0.002682 4
473 473 1025 -0.603698 -0.565131 0.015554 0.020937 4
474 474 1026 -0.312218 0.138075 -0.014289 0.021742 4
475 475 1027 -0.942582 0.645490 -0.039936 -0.002775 4
476 476 1028 -1.975803 0.368877 -0.000459 -0.036910 4
477 477 1029 -1.979114 -0.875341 -0.000074 -0.042462 5
478 478 1030 -1.694477 -1.979148 0.047224 -0.000056 5
479 479 1031 -0.467390 -1.733266 -0.007212 0.039868 5
480 480 1032 -0.946624 -0.665721 -0.039613 0.002865 5
481 481 1033 -0.617268 0.943803 0.007913 0.039551 6
482 482 1034 -0.743914 1.979233 -0.047592 0.000042 6
483 483 1035 -1.979132 1.724747 -0.000110 -0.042451 6
484 484 1036 -1.739480 0.610656 0.040069 0.002609 6
485 485 1037 -0.442780 1.730976 -0.007409 -0.040024 7
486 486 1038 -0.584403 0.580548 0.014753 -0.021343 7
487 487 109 -0.141137 0.019639 0.029566 -0.004086 7
488 488 1039 0.292888 0.154108 0.014650 0.021395 7
489 489 1040 0.596202 0.932808 -0.007989 0.039876 7
490 490 1041 0.274620 1.967429 -0.027840 0.002508 7
491 491 1042 0.444269 -1.731262 0.007359 0.040031 8
492 492 1043 0.583505 -0.581173 -0.014786 0.021325 8
493 493 115 0.140857 -0.021953 -0.029421 0.004079 8
494 494 1044 -0.291886 -0.154802 -0.014666 -0.021378 8
495 495 1045 -0.597407 -0.933060 0.007937 -0.039876 8
496 496 1046 -0.274672 -1.966970 0.027861 -0.002514 8
497 497 1047 1.505624 -1.979226 0.047202 0.000001 1
498 498 1048 1.979224 -1.045135 -0.000003 0.042433 1
499 499 1049 1.104984 -0.654234 -0.039567 -0.002883 1
500 500 1050 0.496951 -1.574445 -0.007513 -0.039566 1
501 501 1051 0.934254 1.979291 -0.047577 -0.000001 2
502 502 1052 0.586246 1.101974 0.007648 -0.039530 2
503 503 1053 1.579454 0.621604 0.039951 -0.002832 2
504 504 1054 1.979293 1.554976 -0.000004 0.042433 2
505 505 1055 1.581478 -0.597420 0.039951 0.002834 3
506 506 1056 1.976566 0.221294 -0.000032 0.036883 3
507 507 1057 1.102338 0.634173 -0.039940 0.002876 3
508 508 1058 0.369805 0.224214 -0.014467 -0.021390 3
509 509 1059 0.543293 -0.480734 0.014764 -0.021215 3
510 510 1060 -1.102201 -0.632356 0.039939 -0.002910 4
511 511 1061 -0.368924 -0.224810 0.014469 0.021391 4
512 512 1062 -0.544180 0.480134 -0.014758 0.021219 4
513 513 1063 -1.581625 0.599410 -0.039950 -0.002831 4
514 514 1064 -1.976566 -0.221294 0.000033 -0.036883 4
515 515 1065 -1.979223 -1.554341 0.000004 -0.042433 5
516 516 1066 -0.939200 -1.979226 0.047202 0.000001 5
517 517 1067 -0.588117 -1.100020 -0.007642 0.039531 5
518 518 1068 -1.579785 -0.619620 -0.039578 0.002809 5
519 519 1069 -0.495052 1.576390 0.007529 0.039558 6
520 520 1070 -1.505178 1.979291 -0.047577 -0.000001 6
521 521 1071 -1.979293 1.045768 0.000003 -0.042433 6
522 522 1072 -1.100166 0.656369 0.039941 0.002874 6
523 523 1073 -0.564878 1.092353 -0.007722 -0.039888 7
524 524 1074 -0.351164 0.239605 0.014516 -0.021348 7
525 525 147 0.083156 0.013600 0.028415 0.001952 7
526 526 1075 0.525503 0.495484 0.014660 0.021231 7
527 527 1076 0.472843 1.571102 -0.007601 0.039914 7
528 528 1077 -0.164131 1.972623 -0.027407 -0.000449 7
529 529 1078 0.566192 -1.092606 0.007713 0.039889 8
530 530 1079 0.350199 -0.240261 -0.014520 0.021345 8
531 531 153 -0.083093 -0.015905 -0.028343 -0.001969 8
532 532 1080 -0.524535 -0.496144 -0.014665 -0.021230 8
533 533 1081 -0.474191 -1.571363 0.007582 -0.039920 8
534 534 1082 0.164136 -1.972197 0.027411 0.000456 8
535 535 1083 1.128008 -1.979226 0.047202 -0.000000 1
536 536 1084 1.979225 -1.384606 0.000000 0.042434 1
537 537 1085 1.421510 -0.631094 -0.039566 -0.002890 1
538 538 1086 0.557667 -1.258149 -0.007604 -0.039533 1
539 539 1087 1.314870 1.979292 -0.047577 0.000000 2
540 540 1088 0.525380 1.418233 0.007600 -0.039534 2
541 541 1089 1.259926 0.644770 0.039940 -0.002907 2
542 542 1090 1.979294 1.215504 0.000000 0.042434 2
543 543 1091 1.261956 -0.620677 0.039939 0.002921 3
544 544 1092 1.976586 -0.073765 0.000000 0.036882 3
545 545 1093 1.421856 0.610948 -0.039940 0.002904 3
546 546 1094 0.485810 0.394964 -0.014520 -0.021330 3
547 547 1095 0.426898 -0.310212 0.014500 -0.021342 3
548 548 1096 -1.421710 -0.608998 0.039939 -0.002917 4
549 549 1097 -0.484928 -0.395562 0.014519 0.021331 4
550 550 1098 -0.427775 0.309617 -0.014501 0.021341 4
551 551 1099 -1.262097 0.622572 -0.039940 -0.002907 4
552 552 1100 -1.976586 0.073765 -0.000000 -0.036882 4
553 553 1101 -1.979225 -1.214870 -0.000000 -0.042434 5
554 554 1102 -1.316816 -1.979226 0.047202 -0.000000 5
555 555 1103 -0.527259 -1.416281 -0.007599 0.039534 5
556 556 1104 -1.263247 -0.642664 -0.039565 0.002894 5
557 557 1105 -0.555789 1.260101 0.007604 0.039533 6
558 558 1106 -1.124562 1.979292 -0.047577 0.000000 6
559 559 1107 -1.979294 1.385240 -0.000000 -0.042434 6
560 560 1108 -1.419684 0.633146 0.039940 0.002905 6
561 561 1109 -0.503451 1.411503 -0.007670 -0.039895 7
562 562 1110 -0.467219 0.410315 0.014518 -0.021329 7
563 563 71 -0.027541 0.012236 0.027541 -0.000121 7
564 564 1111 0.409184 0.324972 0.014502 0.021340 7
565 565 1112 0.534139 1.251924 -0.007674 0.039895 7
566 566 1113 0.054694 1.973108 -0.027347 0.000016 7
567 567 1114 0.504776 -1.411758 0.007669 0.039895 8
568 568 1115 0.466255 -0.410969 -0.014517 0.021330 8
569 569 77 0.027530 -0.014512 -0.027530 0.000125 8
570 570 1116 -0.408225 -0.325623 -0.014502 -0.021341 8
571 571 1117 -0.535462 -1.252179 0.007674 -0.039894 8
572 572 1118 -0.054694 -1.972692 0.027347 -0.000017 8
573 573 1119 1.884404 -1.970303 0.038166 0.013598 1
574 574 1120 1.971975 -0.703549 -0.009747 0.036330 1
575 575 1121 0.781123 -0.680494 -0.042537 -0.008732 1
576 576 1122 0.453987 -1.900481 0.017016 -0.032797 1
577 577 1123 0.552316 1.973113 -0.041192 -0.010013 2
578 578 1124 0.656875 0.780320 0.017151 -0.040297 2
579 579 1125 1.902357 0.612098 0.030791 0.016221 2
580 580 1126 1.968038 1.894308 -0.013616 0.032415 2
581 581 1127 1.893211 -0.569061 0.026015 0.012311 3
582 582 1128 1.958635 0.507590 -0.011944 0.023181 3
583 583 1129 0.786114 0.655935 -0.036851 0.001045 3
584 584 13 0.261814 0.047268 -0.009970 -0.047220 3
585 585 9 0.673977 -0.638892 0.039681 -0.014991 3
586 586 1130 -0.785777 -0.655108 0.036787 -0.001309 4
587 587 16 -0.261102 -0.047413 0.009258 0.047461 4
588 588 17 -0.674053 0.638522 -0.039797 0.015552 4
589 589 1131 -1.893318 0.570852 -0.026125 -0.012446 4
590 590 1132 -1.958047 -0.507329 0.012098 -0.022780 4
591 591 1133 -1.967843 -1.894500 0.013848 -0.032590 5
592 592 1134 -0.559274 -1.973573 0.041634 0.009234 5
593 593 1135 -0.658912 -0.776851 -0.018109 0.041049 5
594 594 1136 -1.901147 -0.609855 -0.031291 -0.015967 5
595 595 1137 -0.451746 1.900162 -0.015807 0.031989 6
596 596 1138 -1.886086 1.970046 -0.037941 -0.014000 6
597 597 1139 -1.972045 0.705655 0.009468 -0.035645 6
598 598 1140 -0.774314 0.682202 0.042223 0.009464 6
599 599 1141 -0.630171 0.778560 -0.007690 -0.036483 7
600 600 29 -0.233706 0.073813 0.034585 -0.031688 7
601 601 31 0.634017 0.664609 0.007661 0.040853 7
602 602 1142 0.411312 1.879435 -0.013154 0.027126 7
603 603 27 -0.364763 1.939564 -0.016728 -0.013218 7
604 604 1143 0.630758 -0.778926 0.007373 0.036553 8
605 605 35 0.232562 -0.074875 -0.034645 0.031103 8
606 606 37 -0.633310 -0.664779 -0.008146 -0.040846 8
607 607 1144 -0.412473 -1.879496 0.013469 -0.026890 8
608 608 33 0.365047 -1.939305 0.016920 0.013129 8
609 609 309 0.517640 -1.964339 0.041634 -0.009234 1
610 610 310 1.953995 -1.927090 0.013848 0.032590 1
611 611 311 1.932439 -0.625822 -0.031291 0.015967 1
612 612 312 0.677021 -0.735802 -0.018109 -0.041049 1
613 613 313 1.924028 1.956046 -0.037941 0.014000 2
614 614 314 0.467553 1.932150 -0.015807 -0.031989 2
615 615 315 0.732091 0.691666 0.042223 -0.009464 2
616 616 316 1.962577 0.670010 0.009468 0.035645 2
617 617 317 0.748991 -0.656417 0.036787 0.001309 3
618 618 318 1.945949 -0.530109 0.012098 0.022780 3
619 619 319 1.919443 0.558407 -0.026125 0.012446 3
620 620 322 -1.919226 -0.556750 0.026015 -0.012311 4
621 621 325 -0.749263 0.656981 -0.036851 -0.001045 4
622 622 326 -1.946691 0.530771 -0.011944 -0.023181 4
623 623 327 -1.962229 -0.667218 -0.009747 -0.036330 5
624 624 328 -1.922570 -1.956706 0.038166 -0.013598 5
625 625 329 -0.471003 -1.933279 0.017016 0.032797 5
626 626 330 -0.738586 -0.689226 -0.042537 0.008732 5
627 627 331 -0.674026 0.740023 0.017151 0.040297 6
628 628 332 -0.511124 1.963100 -0.041192 0.010013 6
629 629 333 -1.954422 1.926723 -0.013616 -0.032415 6
630 630 334 -1.933148 0.628320 0.030791 -0.016221 6
631 631 335 -0.398158 1.906561 -0.013154 -0.027126 7
632 632 338 0.637861 0.742077 -0.007690 0.036483 7
633 633 340 0.399004 -1.906385 0.013469 0.026890 8
634 634 343 -0.638131 -0.742373 0.007373 -0.036553 8
635 635 345 1.269614 -1.979226 0.047202 0.000000 1
636 636 346 1.979225 -1.257304 -0.000000 0.042434 1
637 637 347 1.302813 -0.639770 -0.039565 -0.002894 1
638 638 348 0.534858 -1.376747 -0.007599 -0.039534 1
639 639 349 1.172139 1.979292 -0.047577 -0.000000 2
640 640 350 0.548185 1.299634 0.007604 -0.039533 2
641 641 351 1.379745 0.636050 0.039940 -0.002905 2
642 642 352 1.979294 1.342806 -0.000000 0.042434 2
643 643 353 1.381771 -0.611915 0.039939 0.002917 3
644 644 354 1.976586 0.036882 -0.000000 0.036882 3
645 645 355 1.302037 0.619665 -0.039940 0.002907 3
646 646 356 0.442276 0.330958 -0.014501 -0.021341 3
647 647 357 0.470410 -0.374231 0.014519 -0.021331 3
648 648 358 -1.301894 -0.617756 0.039939 -0.002921 4
649 649 359 -0.441398 -0.331554 0.014500 0.021342 4
650 650 360 -0.471290 0.373634 -0.014520 0.021330 4
651 651 361 -1.381916 0.613852 -0.039940 -0.002904 4
652 652 362 -1.976586 -0.036882 0.000000 -0.036882 4
653 653 363 -1.979225 -1.342172 0.000000 -0.042434 5
654 654 364 -1.175210 -1.979226 0.047202 0.000000 5
655 655 365 -0.550063 -1.297681 -0.007604 0.039533 5
656 656 366 -1.381944 -0.633984 -0.039566 0.002890 5
657 657 367 -0.532980 1.378700 0.007600 0.039534 6
658 658 368 -1.267293 1.979292 -0.047577 -0.000000 6
659 659 369 -1.979294 1.257938 0.000000 -0.042434 6
660 660 370 -1.299865 0.641863 0.039940 0.002907 6
661 661 371 -0.526465 1.291819 -0.007674 -0.039895 7
662 662 372 -0.423687 0.346312 0.014502 -0.021340 7
663 663 374 0.452701 0.388986 0.014518 0.021329 7
664 664 375 0.511121 1.371608 -0.007670 0.039895 7
665 665 376 -0.027347 1.973124 -0.027347 -0.000016 7
666 666 377 0.527788 -1.292073 0.007674 0.039894 8
667 667 378 0.422727 -0.346964 -0.014502 0.021341 8
668 668 380 -0.451739 -0.389639 -0.014517 -0.021330 8
669 669 381 -0.512445 -1.371862 0.007669 -0.039895 8
670 670 382 0.027347 -1.972709 0.027347 0.000017 8
671 671 383 0.891999 -1.979225 0.047202 -0.000001 1
672 672 384 1.979220 -1.596774 0.000004 0.042433 1
673 673 385 1.619363 -0.616811 -0.039578 -0.002809 1
674 674 386 0.595759 -1.060489 -0.007642 -0.039531 1
675 675 387 1.552754 1.979290 -0.047577 0.000001 2
676 676 388 0.487523 1.615949 0.007529 -0.039558 2
677 677 389 1.060225 0.659243 0.039941 -0.002874 2
678 678 390 1.979290 1.003335 0.000003 0.042433 2
679 679 391 1.062261 -0.635266 0.039939 0.002910 3
680 680 392 1.976532 -0.258177 0.000033 0.036883 3
681 681 393 1.621575 0.596580 -0.039950 0.002831 3
682 682 394 0.558938 0.501353 -0.014758 -0.021219 3
683 683 395 0.354455 -0.203419 0.014469 -0.021391 3
684 684 396 -1.621428 -0.594586 0.039951 -0.002834 4
685 685 397 -0.558057 -0.501949 0.014764 0.021215 4
686 686 398 -0.355338 0.202824 -0.014467 0.021390 4
687 687 399 -1.062398 0.637048 -0.039940 -0.002876 4
688 688 400 -1.976534 0.258177 -0.000032 -0.036883 4
689 689 401 -1.979221 -1.002702 -0.000003 -0.042433 5
690 690 402 -1.552825 -1.979225 0.047202 -0.000001 5
691 691 403 -0.489438 -1.614011 -0.007513 0.039566 5
692 692 404 -1.065418 -0.657118 -0.039567 0.002883 5
693 693 405 -0.593894 1.062445 0.007648 0.039530 6
694 694 406 -0.886678 1.979290 -0.047577 0.000001 6
695 695 407 -1.979289 1.597409 -0.000004 -0.042433 6
696 696 408 -1.619405 0.618772 0.039951 0.002832 6
697 697 409 -0.465242 1.611017 -0.007601 -0.039914 7
698 698 410 -0.540163 0.516716 0.014660 -0.021231 7
699 699 412 0.336648 0.218257 0.014516 0.021348 7
700 700 413 0.572599 1.052465 -0.007722 0.039888 7
701 701 414 0.191538 1.972175 -0.027407 0.000449 7
702 702 415 0.466610 -1.611283 0.007582 0.039920 8
703 703 416 0.539200 -0.517374 -0.014665 0.021230 8
704 704 418 -0.335679 -0.218916 -0.014520 -0.021345 8
705 705 419 -0.573905 -1.052717 0.007713 -0.039889 8
706 706 420 -0.191547 -1.971741 0.027411 -0.000456 8
707 707 421 1.647253 -1.979204 0.047224 0.000056 1
708 708 422 1.979188 -0.917803 -0.000074 0.042462 1
709 709 423 0.986237 -0.662857 -0.039613 -0.002865 1
710 710 424 0.474601 -1.693398 -0.007212 -0.039868 1
711 711 425 0.791507 1.979274 -0.047592 -0.000042 2
712 712 426 0.609355 0.983353 0.007913 -0.039551 2
713 713 427 1.699411 0.613265 0.040069 -0.002609 2
714 714 428 1.979242 1.682297 -0.000110 0.042451 2
715 715 429 1.701360 -0.589069 0.039980 0.002682 3
716 716 430 1.976261 0.331967 -0.000459 0.036910 3
717 717 431 0.982518 0.642714 -0.039936 0.002775 3
718 718 432 0.326507 0.159817 -0.014289 -0.021742 3
719 719 433 0.588144 -0.544194 0.015554 -0.020937 3
720 720 434 -0.982380 -0.641048 0.039938 -0.002873 4
721 721 435 -0.325617 -0.160402 0.014293 0.021759 4
722 722 436 -0.588985 0.543624 -0.015508 0.020963 4
723 723 437 -1.701500 0.591052 -0.039973 -0.002700 4
724 724 438 -1.976250 -0.331967 0.000476 -0.036910 4
725 725 439 -1.979172 -1.681675 0.000110 -0.042464 5
726 726 440 -0.797567 -1.979210 0.047228 0.000039 5
727 727 441 -0.611193 -0.981363 -0.007884 0.039587 5
728 728 442 -1.698639 -0.611363 -0.039710 0.002575 5
729 729 443 -0.472636 1.695251 0.007243 0.039786 6
730 730 444 -1.647923 1.979269 -0.047590 -0.000057 6
731 731 445 -1.979255 0.918451 0.000076 -0.042447 6
732 732 446 -0.980307 0.664912 0.039976 0.002792 6
733 733 447 -0.588213 0.972683 -0.007989 -0.039876 7
734 734 448 -0.307538 0.175503 0.014650 -0.021395 7
735 735 450 0.569650 0.559205 0.014753 0.021343 7
736 736 451 0.450189 1.690952 -0.007409 0.040024 7
737 737 452 -0.246780 1.969937 -0.027840 -0.002508 7
738 738 453 0.589470 -0.972936 0.007937 0.039876 8
739 739 454 0.306552 -0.176179 -0.014666 0.021378 8
740 740 456 -0.568719 -0.559848 -0.014786 -0.021325 8
741 741 457 -0.451628 -1.691231 0.007359 -0.040031 8
742 742 458 0.246811 -1.969484 0.027861 0.002514 8
743 743 459 0.703129 -1.979045 0.047210 -0.000126 1
744 744 460 1.978737 -1.766572 0.000325 0.042433 1
745 745 461 1.778121 -0.606433 -0.039772 -0.002355 1
746 746 462 0.627214 -0.902163 -0.008137 -0.039612 1
747 747 463 1.743085 1.979017 -0.047572 0.000194 2
748 748 464 0.458486 1.775026 0.006907 -0.039989 2
749 749 465 0.900354 0.670508 0.039977 -0.002803 2
750 750 466 1.978960 0.833579 0.000219 0.042425 2
751 751 467 0.902520 -0.646799 0.039923 0.002878 3
752 752 468 1.974669 -0.405783 0.001106 0.036906 3
753 753 469 1.781428 0.585614 -0.039954 0.002737 3
754 754 470 0.620661 0.585340 -0.016168 -0.020753 3
755 755 471 0.297199 -0.116484 0.014125 -0.022159 3
756 756 472 -1.781306 -0.583679 0.039966 -0.002708 4
757 757 473 -0.619943 -0.585850 0.016245 0.020718 4
758 758 474 -0.298094 0.115954 -0.014123 0.022122 4
759 759 475 -0.902665 0.648233 -0.039917 -0.002743 4
760 760 476 -1.974737 0.405784 -0.001066 -0.036908 4
761 761 477 -1.978902 -0.832902 -0.000212 -0.042439 5
762 762 478 -1.741681 -1.978959 0.047204 -0.000188 5
763 763 479 -0.460506 -1.773384 -0.006884 0.040118 5
764 764 480 -0.907010 -0.668624 -0.039614 0.002903 5
765 765 481 -0.625448 0.904249 0.008180 0.039553 6
766 766 482 -0.696338 1.979097 -0.047576 0.000136 6
767 767 483 -1.978807 1.767173 -0.000325 -0.042426 6
768 768 484 -1.779622 0.608268 0.040142 0.002388 6
769 769 485 -0.435455 1.770991 -0.007325 -0.040015 7
770 770 486 -0.598993 0.602121 0.014590 -0.021573 7
771 771 488 0.278066 0.132721 0.014821 0.021387 7
772 772 489 0.604427 0.892974 -0.008226 0.039833 7
773 773 490 0.302374 1.963134 -0.027754 0.004295 7
774 774 491 0.436988 -1.771278 0.007282 0.040016 8
775 775 492 0.598143 -0.602713 -0.014638 0.021540 8
776 776 494 -0.277041 -0.133447 -0.014845 -0.021354 8
777 777 495 -0.605548 -0.893226 0.008141 -0.039834 8
778 778 496 -0.302458 -1.962684 0.027786 -0.004286 8
779 779 497 1.458422 -1.979226 0.047202 0.000000 1
780 780 498 1.979225 -1.087569 -0.000001 0.042434 1
781 781 499 1.144551 -0.651345 -0.039566 -0.002889 1
782 782 500 0.504502 -1.534896 -0.007551 -0.039550 1
783 783 501 0.981831 1.979292 -0.047577 -0.000000 2
784 784 502 0.578619 1.141505 0.007627 -0.039531 2
785 785 503 1.539509 0.624467 0.039945 -0.002863 2
786 786 504 1.979294 1.512542 -0.000001 0.042434 2
787 787 505 1.541532 -0.600288 0.039945 0.002868 3
788 788 506 1.976579 0.184411 -0.000013 0.036883 3
789 789 507 1.142278 0.631282 -0.039940 0.002891 3
790 790 508 0.384288 0.245577 -0.014483 -0.021363 3
791 791 509 0.528628 -0.459479 0.014665 -0.021255 3
792 792 510 -1.142140 -0.629440 0.039939 -0.002916 4
793 793 511 -0.383409 -0.246173 0.014485 0.021363 4
794 794 512 -0.529516 0.458878 -0.014664 0.021256 4
795 795 513 -1.541680 0.602272 -0.039945 -0.002861 4
796 796 514 -1.976578 -0.184411 0.000013 -0.036883 4
797 797 515 -1.979224 -1.511907 0.000001 -0.042434 5
798 798 516 -0.986402 -1.979226 0.047202 0.000000 5
799 799 517 -0.580494 -1.139552 -0.007623 0.039532 5
800 800 518 -1.540213 -0.622463 -0.039572 0.002843 5
801 801 519 -0.502612 1.536844 0.007561 0.039546 6
802 802 520 -1.457601 1.979292 -0.047577 -0.000000 6
803 803 521 -1.979294 1.088202 0.000001 -0.042434 6
804 804 522 -1.140106 0.653479 0.039940 0.002890 6
805 805 523 -0.557180 1.132244 -0.007698 -0.039891 7
806 806 524 -0.365673 0.260948 0.014509 -0.021343 7
807 807 526 0.510885 0.474224 0.014617 0.021260 7
808 808 527 0.480474 1.531196 -0.007631 0.039906 7
809 809 528 -0.136756 1.972870 -0.027375 -0.000247 7
810 810 529 0.558498 -1.132498 0.007694 0.039892 8
811 811 530 0.364711 -0.261601 -0.014512 0.021341 8
812 812 532 -0.509916 -0.474884 -0.014618 -0.021261 8
813 813 533 -0.481811 -1.531454 0.007619 -0.039909 8
814 814 534 0.136758 -1.972449 0.027378 0.000251 8
815 815 535 1.080806 -1.979226 0.047202 -0.000000 1
816 816 536 1.979225 -1.427040 0.000000 0.042434 1
817 817 537 1.461077 -0.628208 -0.039566 -0.002886 1
818 818 538 0.565272 -1.218616 -0.007605 -0.039532 1
819 819 539 1.362447 1.979292 -0.047577 0.000000 2
820 820 540 0.517783 1.457768 0.007597 -0.039535 2
821 821 541 1.219986 0.647676 0.039940 -0.002906 2
822 822 542 1.979294 1.173070 0.000000 0.042434 2
823 823 543 1.222017 -0.623599 0.039939 0.002922 3
824 824 544 1.976585 -0.110647 0.000001 0.036882 3
825 825 545 1.461796 0.608047 -0.039940 0.002901 3
826 826 546 0.500348 0.416285 -0.014537 -0.021321 3
827 827 547 0.412399 -0.288869 0.014499 -0.021343 3
828 828 548 -1.461650 -0.606085 0.039939 -0.002913 4
829 829 549 -0.499463 -0.416884 0.014535 0.021322 4
830 830 550 -0.413277 0.288274 -0.014499 0.021343 4
831 831 551 -1.222158 0.625478 -0.039940 -0.002906 4
832 832 552 -1.976585 0.110647 -0.000001 -0.036882 4
833 833 553 -1.979225 -1.172436 -0.000000 -0.042434 5
834 834 554 -1.364018 -1.979226 0.047202 -0.000000 5
835 835 555 -0.519664 -1.455816 -0.007595 0.039535 5
836 836 556 -1.223682 -0.645558 -0.039565 0.002894 5
837 837 557 -0.563394 1.220569 0.007606 0.039532 6
838 838 558 -1.076985 1.979292 -0.047577 0.000000 6
839 839 559 -1.979294 1.427674 -0.000000 -0.042434 6
840 840 560 -1.459625 0.630245 0.039940 0.002901 6
841 841 561 -0.495785 1.451399 -0.007666 -0.039896 7
842 842 562 -0.481752 0.431634 0.014532 -0.021319 7
843 843 564 0.394682 0.303631 0.014502 0.021341 7
844 844 565 0.541815 1.212030 -0.007676 0.039894 7
845 845 566 0.082043 1.973073 -0.027349 0.000035 7
846 846 567 0.497111 -1.451654 0.007665 0.039896 8
847 847 568 0.480786 -0.432290 -0.014530 0.021321 8
848 848 570 -0.393723 -0.304282 -0.014502 -0.021341 8
849 849 571 -0.543137 -1.212284 0.007675 -0.039894 8
850 850 572 -0.082043 -1.972656 0.027349 -0.000036 8
851 851 573 1.837273 -1.976349 0.047131 0.006046 1
852 852 574 1.976592 -0.746598 -0.004617 0.043049 1
853 853 575 0.824268 -0.675434 -0.043144 -0.005060 1
854 854 576 0.450419 -1.857065 0.003568 -0.043416 1
855 855 577 0.600198 1.977282 -0.047883 -0.004169 2
856 856 578 0.644415 0.822379 0.012460 -0.042059 2
857 857 579 1.861460 0.606358 0.040898 0.005741 2
858 858 580 1.975164 1.852783 -0.007126 0.041525 2
859 859 581 1.858054 -0.576576 0.035157 0.007515 3
860 860 582 1.967573 0.476076 -0.008938 0.031513 3
861 861 583 0.824373 0.653579 -0.038259 0.002356 3
862 862 586 -0.824128 -0.652517 0.038350 -0.002591 4
863 863 589 -1.858157 0.578413 -0.035161 -0.007560 4
864 864 590 -1.967245 -0.476002 0.009198 -0.031326 4
865 865 591 -1.975075 -1.852597 0.007232 -0.041902 5
866 866 592 -0.607288 -1.977385 0.048014 0.003812 5
867 867 593 -0.646203 -0.819609 -0.012709 0.042758 5
868 868 594 -1.859905 -0.604431 -0.041243 -0.005424 5
869 869 595 -0.448457 1.857773 -0.003290 0.042389 6
870 870 596 -1.839025 1.976306 -0.047061 -0.006261 6
871 871 597 -1.976617 0.748005 0.004572 -0.042350 6
872 872 598 -0.817371 0.677075 0.043058 0.005127 6
873 873 599 -0.621487 0.815805 -0.008684 -0.037245 7
874 874 602 0.420805 1.845904 -0.009492 0.033532 7
875 875 604 0.622305 -0.816117 0.008453 0.037191 8
876 876 607 -0.422212 -1.846105 0.009739 -0.033391 8
877 877 157 0.607288 -1.977385 0.048662 -0.001264 1
878 878 158 1.975075 -1.852597 0.002727 0.043665 1
879 879 159 1.859905 -0.604431 -0.041925 -0.000190 1
880 880 160 0.646203 -0.819609 -0.010381 -0.042960 1
881 881 161 1.839025 1.976306 -0.048411 0.002074 2
882 882 162 0.448457 1.857773 0.003952 -0.042456 2
883 883 163 0.817371 0.677075 0.043004 -0.003635 2
884 884 164 1.976617 0.748005 0.001727 0.043194 2
885 885 165 0.824128 -0.652517 0.038494 0.002812 3
886 886 166 1.967245 -0.476002 0.004917 0.033420 3
887 887 167 1.858157 0.578413 -0.036872 0.004126 3
888 888 170 -1.858054 -0.576576 0.036874 -0.004072 4
889 889 173 -0.824373 0.653579 -0.038401 -0.002614 4
890 890 174 -1.967573 0.476076 -0.004749 -0.033481 4
891 891 175 -1.976592 -0.746598 -0.001714 -0.043911 5
892 892 176 -1.837273 -1.976349 0.048431 -0.001999 5
893 893 177 -0.450419 -1.857065 -0.004016 0.043224 5
894 894 178 -0.824268 -0.675434 -0.043129 0.003764 5
895 895 179 -0.644415 0.822379 0.010305 0.042355 6
896 896 180 -0.600198 1.977282 -0.048595 0.001382 6
897 897 181 -1.975164 1.852783 -0.002706 -0.043251 6
898 898 182 -1.861460 0.606358 0.041597 0.000092 6
899 899 183 -0.420805 1.845904 -0.007250 -0.035002 7
900 900 187 0.621487 0.815805 -0.008479 0.037421 7
901 901 189 0.422212 -1.846105 0.007373 0.034938 8
902 902 193 -0.622305 -0.816117 0.008302 -0.037355 8
903 903 195 1.364018 -1.979226 0.047202 0.000000 1
904 904 196 1.979225 -1.172436 -0.000000 0.042434 1
905 905 197 1.223682 -0.645558 -0.039566 -0.002894 1
906 906 198 0.519664 -1.455816 -0.007588 -0.039537 1
907 907 199 1.076985 1.979292 -0.047577 -0.000000 2
908 908 200 0.563394 1.220569 0.007609 -0.039532 2
909 909 201 1.459625 0.630245 0.039941 -0.002895 2
910 910 202 1.979294 1.427674 -0.000000 0.042434 2
911 911 203 1.461650 -0.606085 0.039940 0.002905 3
912 912 204 1.976585 0.110647 -0.000002 0.036882 3
913 913 205 1.222158 0.625478 -0.039940 0.002904 3
914 914 206 0.413277 0.288274 -0.014496 -0.021345 3
915 915 207 0.499463 -0.416884 0.014561 -0.021307 3
916 916 208 -1.222017 -0.623599 0.039939 -0.002921 4
917 917 209 -0.412399 -0.288869 0.014497 0.021345 4
918 918 210 -0.500348 0.416285 -0.014563 0.021306 4
919 919 211 -1.461796 0.608047 -0.039941 -0.002894 4
920 920 212 -1.976585 -0.110647 0.000002 -0.036882 4
921 921 213 -1.979225 -1.427040 0.000000 -0.042434 5
922 922 214 -1.080806 -1.979226 0.047202 0.000000 5
923 923 215 -0.565272 -1.218616 -0.007608 0.039532 5
924 924 216 -1.461077 -0.628208 -0.039567 0.002879 5
925 925 217 -0.517783 1.457768 0.007591 0.039536 6
926 926 218 -1.362447 1.979292 -0.047577 -0.000000 6
927 927 219 -1.979294 1.173070 0.000000 -0.042434 6
928 928 220 -1.219986 0.647676 0.039940 0.002904 6
929 929 221 -0.541815 1.212030 -0.007679 -0.039894 7
930 930 222 -0.394682 0.303631 0.014503 -0.021341 7
931 931 224 0.481752 0.431634 0.014553 0.021305 7
932 932 225 0.495785 1.451399 -0.007660 0.039897 7
933 933 226 -0.082043 1.973073 -0.027353 -0.000070 7
934 934 227 0.543137 -1.212284 0.007678 0.039894 8
935 935 228 0.393723 -0.304282 -0.014504 0.021340 8
936 936 230 -0.480786 -0.432290 -0.014551 -0.021307 8
937 937 231 -0.497111 -1.451654 0.007657 -0.039898 8
938 938 232 0.082043 -1.972656 0.027353 0.000072 8
939 939 233 0.986402 -1.979226 0.047202 -0.000000 1
940 940 234 1.979224 -1.511907 0.000000 0.042434 1
941 941 235 1.540213 -0.622463 -0.039569 -0.002865 1
942 942 236 0.580494 -1.139552 -0.007614 -0.039532 1
943 943 237 1.457601 1.979292 -0.047577 0.000000 2
944 944 238 0.502612 1.536844 0.007580 -0.039540 2
945 945 239 1.140106 0.653479 0.039940 -0.002899 2
946 946 240 1.979294 1.088202 0.000000 0.042434 2
947 947 241 1.142140 -0.629440 0.039939 0.002920 3
948 948 242 1.976578 -0.184411 0.000005 0.036882 3
949 949 243 1.541680 0.602272 -0.039943 0.002882 3
950 950 244 0.529516 0.458878 -0.014604 -0.021287 3
951 951 245 0.383409 -0.246173 0.014493 -0.021351 3
952 952 246 -1.541532 -0.600288 0.039942 -0.002891 4
953 953 247 -0.528628 -0.459479 0.014603 0.021287 4
954 954 248 -0.384288 0.245577 -0.014492 0.021351 4
955 955 249 -1.142278 0.631282 -0.039940 -0.002900 4
956 956 250 -1.976579 0.184411 -0.000005 -0.036882 4
957 957 251 -1.979225 -1.087569 -0.000000 -0.042434 5
958 958 252 -1.458422 -1.979226 0.047202 -0.000000 5
959 959 253 -0.504502 -1.534896 -0.007574 0.039542 5
960 960 254 -1.144551 -0.651345 -0.039566 0.002893 5
961 961 255 -0.578619 1.141505 0.007615 0.039532 6
962 962 256 -0.981831 1.979292 -0.047577 0.000000 6
963 963 257 -1.979294 1.512542 -0.000000 -0.042434 6
964 964 258 -1.539509 0.624467 0.039943 0.002883 6
965 965 259 -0.480474 1.531196 -0.007650 -0.039901 7
966 966 260 -0.510885 0.474224 0.014581 -0.021285 7
967 967 262 0.365673 0.260948 0.014506 0.021342 7
968 968 263 0.557180 1.132244 -0.007686 0.039893 7
969 969 264 0.136756 1.972870 -0.027361 0.000133 7
970 970 265 0.481811 -1.531454 0.007643 0.039902 8
971 971 266 0.509916 -0.474884 -0.014580 0.021287 8
972 972 268 -0.364711 -0.261601 -0.014508 -0.021341 8
973 973 269 -0.558498 -1.132498 0.007684 -0.039893 8
974 974 270 -0.136758 -1.972449 0.027362 -0.000136 8
975 975 271 1.741681 -1.978959 0.047161 0.000612 1
976 976 272 1.978902 -0.832902 -0.000596 0.042393 1
977 977 273 0.907010 -0.668624 -0.039613 -0.003046 1
978 978 274 0.460506 -1.773384 -0.006071 -0.040457 1
979 979 275 0.696338 1.979097 -0.047545 -0.000433 2
980 980 276 0.625448 0.904249 0.008662 -0.039515 2
981 981 277 1.779622 0.608268 0.040241 -0.001818 2
982 982 278 1.978807 1.767173 -0.000938 0.042359 2
983 983 279 1.781306 -0.583679 0.039873 0.003031 3
984 984 280 1.974737 0.405784 -0.002416 0.036811 3
985 985 281 0.902665 0.648233 -0.039891 0.002733 3
986 986 282 0.298094 0.115954 -0.013872 -0.022976 3
987 987 283 0.619943 -0.585850 0.017585 -0.020381 3
988 988 284 -0.902520 -0.646799 0.039898 -0.002906 4
989 989 285 -0.297199 -0.116484 0.013873 0.023069 4
990 990 286 -0.620661 0.585340 -0.017449 0.020421 4
991 991 287 -1.781428 0.585614 -0.039857 -0.003076 4
992 992 288 -1.974669 -0.405783 0.002507 -0.036799 4
993 993 289 -1.978737 -1.766572 0.000935 -0.042361 5
994 994 290 -0.703129 -1.979045 0.047179 0.000396 5
995 995 291 -0.627214 -0.902163 -0.008608 0.039594 5
996 996 292 -1.778121 -0.606433 -0.039859 0.001812 5
997 997 293 -0.458486 1.775026 0.006078 0.040292 6
998 998 294 -1.743085 1.979017 -0.047530 -0.000637 6
999 999 295 -1.978960 0.833579 0.000615 -0.042379 6
1000 1000 296 -0.900354 0.670508 0.039978 0.002933 6
1001 1001 297 -0.604427 0.892974 -0.008580 -0.039749 7
1002 1002 298 -0.278066 0.132721 0.015246 -0.021395 7
1003 1003 300 0.598993 0.602121 0.014156 0.022221 7
1004 1004 301 0.435455 1.770991 -0.007400 0.039911 7
1005 1005 302 -0.302374 1.963134 -0.026993 -0.007029 7
1006 1006 303 0.605548 -0.893226 0.008454 0.039754 8
1007 1007 304 0.277041 -0.133447 -0.015285 0.021337 8
1008 1008 306 -0.598143 -0.602713 -0.014225 -0.022175 8
1009 1009 307 -0.436988 -1.771278 0.007403 -0.039889 8
1010 1010 308 0.302458 -1.962684 0.027065 0.006994 8
1011 1011 81 0.797567 -1.979210 0.047230 -0.000012 1
1012 1012 82 1.979172 -1.681675 0.000036 0.042469 1
1013 1013 83 1.698639 -0.611363 -0.039691 -0.002690 1
1014 1014 84 0.611193 -0.981363 -0.007757 -0.039597 1
1015 1015 85 1.647923 1.979269 -0.047592 0.000017 2
1016 1016 86 0.472636 1.695251 0.007409 -0.039726 2
1017 1017 87 0.980307 0.664912 0.039977 -0.002820 2
1018 1018 88 1.979255 0.918451 0.000026 0.042451 2
1019 1019 89 0.982380 -0.641048 0.039942 0.002884 3
1020 1020 90 1.976250 -0.331967 0.000200 0.036905 3
1021 1021 91 1.701500 0.591052 -0.039970 0.002739 3
1022 1022 92 0.588985 0.543624 -0.015151 -0.021115 3
1023 1023 93 0.325617 -0.160402 0.014403 -0.021577 3
1024 1024 94 -1.701360 -0.589069 0.039975 -0.002730 4
1025 1025 95 -0.588144 -0.544194 0.015176 0.021097 4
1026 1026 96 -0.326507 0.159817 -0.014399 0.021569 4
1027 1027 97 -0.982518 0.642714 -0.039940 -0.002815 4
1028 1028 98 -1.976261 0.331967 -0.000193 -0.036904 4
1029 1029 99 -1.979188 -0.917803 -0.000025 -0.042466 5
1030 1030 100 -1.647253 -1.979204 0.047226 -0.000016 5
1031 1031 101 -0.474601 -1.693398 -0.007385 0.039800 5
1032 1032 102 -0.986237 -0.662857 -0.039614 0.002866 5
1033 1033 103 -0.609355 0.983353 0.007773 0.039566 6
1034 1034 104 -0.791507 1.979274 -0.047595 0.000012 6
1035 1035 105 -1.979242 1.682297 -0.000036 -0.042455 6
1036 1036 106 -1.699411 0.613265 0.040049 0.002721 6
1037 1037 107 -0.450189 1.690952 -0.007499 -0.040008 7
1038 1038 108 -0.569650 0.559205 0.014784 -0.021282 7
1039 1039 110 0.307538 0.175503 0.014585 0.021401 7
1040 1040 111 0.588213 0.972683 -0.007849 0.039899 7
1041 1041 112 0.246780 1.969937 -0.027789 0.001435 7
1042 1042 113 0.451628 -1.691231 0.007457 0.040014 8
1043 1043 114 0.568719 -0.559848 -0.014805 0.021273 8
1044 1044 116 -0.306552 -0.176179 -0.014594 -0.021390 8
1045 1045 117 -0.589470 -0.972936 0.007818 -0.039897 8
1046 1046 118 -0.246811 -1.969484 0.027804 -0.001445 8
1047 1047 119 1.552825 -1.979225 0.047201 0.000005 1
1048 1048 120 1.979221 -1.002702 -0.000008 0.042433 1
1049 1049 121 1.065418 -0.657118 -0.039567 -0.002873 1
1050 1050 122 0.489438 -1.614011 -0.007452 -0.039587 1
1051 1051 123 0.886678 1.979290 -0.047576 -0.000004 2
1052 1052 124 0.593894 1.062445 0.007688 -0.039526 2
1053 1053 125 1.619405 0.618772 0.039958 -0.002785 2
1054 1054 126 1.979289 1.597409 -0.000011 0.042433 2
1055 1055 127 1.621428 -0.594586 0.039957 0.002786 3
1056 1056 128 1.976534 0.258177 -0.000080 0.036885 3
1057 1057 129 1.062398 0.637048 -0.039941 0.002850 3
1058 1058 130 0.355338 0.202824 -0.014433 -0.021438 3
1059 1059 131 0.558057 -0.501949 0.014911 -0.021148 3
1060 1060 132 -1.062261 -0.635266 0.039939 -0.002898 4
1061 1061 133 -0.354455 -0.203419 0.014436 0.021441 4
1062 1062 134 -0.558938 0.501353 -0.014896 0.021156 4
1063 1063 135 -1.621575 0.596580 -0.039955 -0.002789 4
1064 1064 136 -1.976532 -0.258177 0.000082 -0.036885 4
1065 1065 137 -1.979220 -1.596774 0.000012 -0.042433 5
1066 1066 138 -0.891999 -1.979225 0.047201 0.000003 5
1067 1067 139 -0.595759 -1.060489 -0.007676 0.039529 5
1068 1068 140 -1.619363 -0.616811 -0.039585 0.002758 5
1069 1069 141 -0.487523 1.615949 0.007477 0.039576 6
1070 1070 142 -1.552754 1.979290 -0.047576 -0.000005 6
1071 1071 143 -1.979290 1.003335 0.000009 -0.042433 6
1072 1072 144 -1.060225 0.659243 0.039941 0.002849 6
1073 1073 145 -0.572599 1.052465 -0.007765 -0.039883 7
1074 1074 146 -0.336648 0.218257 0.014526 -0.021352 7
1075 1075 148 0.540163 0.516716 0.014703 0.021207 7
1076 1076 149 0.465242 1.611017 -0.007554 0.039927 7
1077 1077 150 -0.191538 1.972175 -0.027453 -0.000803 7
1078 1078 151 0.573905 -1.052717 0.007748 0.039884 8
1079 1079 152 0.335679 -0.218916 -0.014533 0.021347 8
1080 1080 154 -0.539200 -0.517374 -0.014714 -0.021201 8
1081 1081 155 -0.466610 -1.611283 0.007525 -0.039935 8
1082 1082 156 0.191547 -1.971741 0.027461 0.000813 8
1083 1083 43 1.175210 -1.979226 0.047202 -0.000000 1
1084 1084 44 1.979225 -1.342172 0.000000 0.042434 1
1085 1085 45 1.381944 -0.633984 -0.039566 -0.002892 1
1086 1086 46 0.550063 -1.297681 -0.007603 -0.039533 1
1087 1087 47 1.267293 1.979292 -0.047577 0.000000 2
1088 1088 48 0.532980 1.378700 0.007602 -0.039533 2
1089 1089 49 1.299865 0.641863 0.039940 -0.002907 2
1090 1090 50 1.979294 1.257938 0.000000 0.042434 2
1091 1091 51 1.301894 -0.617756 0.039939 0.002921 3
1092 1092 52 1.976586 -0.036882 0.000000 0.036882 3
1093 1093 53 1.381916 0.613852 -0.039940 0.002906 3
1094 1094 54 0.471290 0.373634 -0.014510 -0.021336 3
1095 1095 55 0.441398 -0.331554 0.014503 -0.021340 3
1096 1096 56 -1.381771 -0.611915 0.039939 -0.002920 4
1097 1097 57 -0.470410 -0.374231 0.014509 0.021337 4
1098 1098 58 -0.442276 0.330958 -0.014504 0.021339 4
1099 1099 59 -1.302037 0.619665 -0.039940 -0.002907 4
1100 1100 60 -1.976586 0.036882 -0.000000 -0.036882 4
1101 1101 61 -1.979225 -1.257304 -0.000000 -0.042434 5
1102 1102 62 -1.269614 -1.979226 0.047202 -0.000000 5
1103 1103 63 -0.534858 -1.376747 -0.007602 0.039533 5
1104 1104 64 -1.302813 -0.639770 -0.039566 0.002894 5
1105 1105 65 -0.548185 1.299634 0.007603 0.039533 6
1106 1106 66 -1.172139 1.979292 -0.047577 0.000000 6
1107 1107 67 -1.979294 1.342806 -0.000000 -0.042434 6
1108 1108 68 -1.379745 0.636050 0.039940 0.002906 6
1109 1109 69 -0.511121 1.371608 -0.007671 -0.039894 7
1110 1110 70 -0.452701 0.388986 0.014510 -0.021335 7
1111 1111 72 0.423687 0.346312 0.014505 0.021339 7
1112 1112 73 0.526465 1.291819 -0.007673 0.039895 7
1113 1113 74 0.027347 1.973124 -0.027347 0.000005 7
1114 1114 75 0.512445 -1.371862 0.007671 0.039895 8
1115 1115 76 0.451739 -0.389639 -0.014508 0.021336 8
1116 1116 78 -0.422727 -0.346964 -0.014504 -0.021339 8
1117 1117 79 -0.527788 -1.292073 0.007672 -0.039895 8
1118 1118 80 -0.027347 -1.972709 0.027347 -0.000005 8
1119 1119 2 1.922570 -1.956706 0.020660 0.015830 1
1120 1120 3 1.962229 -0.667218 -0.013443 0.024400 1
1121 1121 4 0.738586 -0.689226 -0.035274 -0.016334 1
1122 1122 1 0.471003 -1.933279 0.017158 -0.016057 1
1123 1123 6 0.511124 1.963100 -0.028349 -0.015730 2
1124 1124 7 0.674026 0.740023 0.024095 -0.030438 2
1125 1125 8 1.933148 0.628320 0.016353 0.017416 2
1126 1126 5 1.954422 1.926723 -0.010137 0.013272 2
1127 1127 10 1.919226 -0.556750 0.016247 0.013695 3
1128 1128 11 1.946691 0.530771 -0.010723 0.013543 3
1129 1129 12 0.749263 0.656981 -0.035413 -0.002907 3
1130 1130 15 -0.748991 -0.656417 0.035333 0.002535 4
1131 1131 18 -1.919443 0.558407 -0.016525 -0.014093 4
1132 1132 14 -1.945949 -0.530109 0.010476 -0.012946 4
1133 1133 20 -1.953995 -1.927090 0.010764 -0.013786 5
1134 1134 21 -0.517640 -1.964339 0.029479 0.015003 5
1135 1135 22 -0.677021 -0.735802 -0.026290 0.030241 5
1136 1136 19 -1.932439 -0.625822 -0.016347 -0.016997 5
1137 1137 24 -0.467553 1.932150 -0.015222 0.015220 6
1138 1138 25 -1.924028 1.956046 -0.020258 -0.016052 6
1139 1139 26 -1.962577 0.670010 0.013076 -0.024274 6
1140 1140 23 -0.732091 0.691666 0.033970 0.017919 6
1141 1141 28 -0.637861 0.742077 -0.003818 -0.036615 7
1142 1142 32 0.398158 1.906561 -0.016667 0.019785 7
1143 1143 34 0.638131 -0.742373 0.003325 0.036748 8
1144 1144 38 -0.399004 -1.906385 0.017036 -0.019791 8
1145 1145 584 0.272181 0.070744 -0.010367 -0.023476 3
1146 1146 587 -0.271338 -0.071069 0.010236 0.023655 4
1147 1147 169 0.271338 -0.071069 0.011989 -0.022347 3
1148 1148 172 -0.272181 0.070744 -0.012041 0.022234 4
