1 0.488161 -1.949336 0.554316 0.832307 1
2 1.943230 -1.940876 -0.685849 0.727744 1
3 1.948786 -0.642819 -0.811681 -0.584101 1
4 0.703312 -0.705560 0.603330 -0.797492 1
5 1.944285 1.939995 -0.694316 -0.719671 2
6 0.482775 1.947371 0.579107 -0.815251 2
7 0.698120 0.709584 0.639945 0.768421 2
8 1.949501 0.645736 -0.816961 0.576693 2
9 0.713658 -0.653882 0.227505 0.973777 3
10 1.935473 -0.543055 -0.706033 0.708178 3
11 1.935968 0.544313 -0.712082 -0.702096 3
12 0.713850 0.654073 0.238358 -0.971177 3
13 0.251844 0.000048 0.999972 -0.007521 3
14 -1.935473 -0.543055 0.706033 0.708178 4
15 -0.713658 -0.653882 -0.227505 0.973777 4
16 -0.251844 0.000048 -0.999972 -0.007521 4
17 -0.713850 0.654073 -0.238358 -0.971177 4
18 -1.935968 0.544313 0.712082 -0.702096 4
19 -1.948786 -0.642819 0.811681 -0.584101 5
20 -1.943230 -1.940876 0.685849 0.727744 5
21 -0.488161 -1.949336 -0.554316 0.832307 5
22 -0.703312 -0.705560 -0.603330 -0.797492 5
23 -0.698120 0.709584 -0.639945 0.768421 6
24 -0.482775 1.947371 -0.579107 -0.815251 6
25 -1.944285 1.939995 0.694316 -0.719671 6
26 -1.949501 0.645736 0.816961 0.576693 6
27 -0.381491 1.926346 0.702915 -0.711274 7
28 -0.641679 0.705462 0.998772 0.049552 7
29 -0.199120 0.042125 0.589132 0.808037 7
30 0.199120 0.042125 -0.589132 0.808037 7
31 0.641679 0.705462 -0.998772 0.049552 7
32 0.381491 1.926346 -0.702915 -0.711274 7
33 0.381967 -1.926176 -0.696067 0.717976 8
34 0.641456 -0.705625 -0.998075 -0.062010 8
35 0.197917 -0.043772 -0.583186 -0.812339 8
36 -0.197917 -0.043772 0.583186 -0.812339 8
37 -0.641456 -0.705625 0.998075 -0.062010 8
38 -0.381967 -1.926176 0.696067 0.717976 8
43 1.222412 -1.979226 0.000000 1.000000 1
44 1.979225 -1.299738 -1.000000 0.000000 1
45 1.342378 -0.636877 0.072924 -0.997338 1
46 0.542460 -1.337214 0.982008 -0.188838 1
47 1.219716 1.979292 0.000000 -1.000000 2
48 0.540582 1.339166 0.982007 0.188845 2
49 1.339805 0.638957 0.072581 0.997362 2
50 1.979294 1.300372 -1.000000 0.000000 2
51 1.341833 -0.614835 -0.072923 0.997338 3
52 1.976586 -0.000000 -1.000000 0.000000 3
53 1.341977 0.616758 -0.072579 -0.997363 3
54 0.456780 0.352298 0.826973 -0.562242 3
55 0.455901 -0.352894 0.827004 0.562196 3
56 -1.341833 -0.614835 0.072923 0.997338 4
57 -0.455901 -0.352894 -0.827004 0.562196 4
58 -0.456780 0.352298 -0.826973 -0.562242 4
59 -1.341977 0.616758 0.072579 -0.997363 4
60 -1.976586 -0.000000 1.000000 0.000000 4
61 -1.979225 -1.299738 1.000000 0.000000 5
62 -1.222412 -1.979226 -0.000000 1.000000 5
63 -0.542460 -1.337214 -0.982008 -0.188838 5
64 -1.342378 -0.636877 -0.072924 -0.997338 5
65 -0.540582 1.339166 -0.982007 0.188845 6
66 -1.219716 1.979292 -0.000000 -1.000000 6
67 -1.979294 1.300372 1.000000 0.000000 6
68 -1.339805 0.638957 -0.072581 0.997362 6
69 -0.518792 1.331714 0.982006 -0.188847 7
70 -0.438191 0.367651 0.826962 0.562257 7
71 -0.000000 0.012115 -0.000000 1.000000 7
72 0.438191 0.367651 -0.826962 0.562257 7
73 0.518792 1.331714 -0.982006 -0.188847 7
74 0.000000 1.973129 -0.000000 -1.000000 7
75 0.520116 -1.331968 -0.982008 0.188839 8
76 0.437231 -0.368303 -0.826994 -0.562211 8
77 0.000000 -0.014388 -0.000000 -1.000000 8
78 -0.437231 -0.368303 0.826994 -0.562211 8
79 -0.520116 -1.331968 0.982008 0.188839 8
80 0.000000 -1.972714 -0.000000 1.000000 8
81 0.844797 -1.979221 0.000162 1.000000 1
82 1.979208 -1.639206 -1.000000 0.000562 1
83 1.658947 -0.614053 0.068566 -0.997647 1
84 0.603436 -1.020960 0.981504 -0.191440 1
85 1.600331 1.979286 -0.000222 -1.000000 2
86 0.480046 1.655525 0.982834 0.184492 2
87 1.020284 0.662093 0.070754 0.997494 2
88 1.979281 0.960902 -1.000000 0.000408 2
89 1.022322 -0.638164 -0.072202 0.997390 3
90 1.976450 -0.295062 -0.999993 0.003828 3
91 1.661530 0.593791 -0.068998 -0.997617 3
92 0.573834 0.522509 0.815066 -0.579368 3
93 0.340020 -0.181978 0.830620 0.556839 3
94 -1.661385 -0.591799 0.068850 0.997627 4
95 -0.572968 -0.523097 -0.814542 0.580104 4
96 -0.340905 0.181386 -0.830621 -0.556838 4
97 -1.022457 0.639899 0.070752 -0.997494 4
98 -1.976455 0.295062 0.999993 -0.003696 4
99 -1.979213 -0.960269 1.000000 -0.000392 5
100 -1.600027 -1.979220 0.000221 1.000000 5
101 -0.481986 -1.653598 -0.982980 -0.183710 5
102 -1.025851 -0.659991 -0.072289 -0.997384 5
103 -0.601582 1.022919 -0.981424 0.191851 6
104 -0.839101 1.979287 -0.000168 -1.000000 6
105 -1.979278 1.639842 1.000000 -0.000557 6
106 -1.659362 0.615987 -0.068667 0.997640 6
107 -0.457688 1.650944 0.982726 -0.185067 7
108 -0.554866 0.537922 0.821542 0.570148 7
109 -0.111571 0.015552 0.103593 0.994620 7
110 0.322122 0.196905 -0.826581 0.562817 7
111 0.580364 1.012582 -0.981384 -0.192058 7
112 0.218991 1.971371 -0.040480 -0.999180 7
113 0.459085 -1.651217 -0.982892 0.184183 8
114 0.553914 -0.538575 -0.821155 -0.570705 8
115 0.111436 -0.017874 -0.104131 -0.994564 8
116 -0.321146 -0.197569 0.826327 -0.563191 8
117 -0.581653 -1.012832 0.981494 0.191495 8
118 -0.219008 -1.970928 0.040816 0.999167 8
119 1.600027 -1.979220 -0.000221 1.000000 1
120 1.979213 -0.960269 -1.000000 -0.000392 1
121 1.025851 -0.659991 0.072289 -0.997384 1
122 0.481986 -1.653598 0.982980 -0.183710 1
123 0.839101 1.979287 0.000168 -1.000000 2
124 0.601582 1.022919 0.981424 0.191851 2
125 1.659362 0.615987 0.068667 0.997640 2
126 1.979278 1.639842 -1.000000 -0.000557 2
127 1.661385 -0.591799 -0.068850 0.997627 3
128 1.976455 0.295062 -0.999993 -0.003696 3
129 1.022457 0.639899 -0.070752 -0.997494 3
130 0.340905 0.181386 0.830621 -0.556838 3
131 0.572968 -0.523097 0.814542 0.580104 3
132 -1.022322 -0.638164 0.072202 0.997390 4
133 -0.340020 -0.181978 -0.830620 0.556839 4
134 -0.573834 0.522509 -0.815066 -0.579368 4
135 -1.661530 0.593791 0.068998 -0.997617 4
136 -1.976450 -0.295062 0.999993 0.003828 4
137 -1.979208 -1.639206 1.000000 0.000562 5
138 -0.844797 -1.979221 -0.000162 1.000000 5
139 -0.603436 -1.020960 -0.981504 -0.191440 5
140 -1.658947 -0.614053 -0.068566 -0.997647 5
141 -0.480046 1.655525 -0.982834 0.184492 6
142 -1.600331 1.979286 0.000222 -1.000000 6
143 -1.979281 0.960902 1.000000 0.000408 6
144 -1.020284 0.662093 -0.070754 0.997494 6
145 -0.580364 1.012582 0.981384 -0.192058 7
146 -0.322122 0.196905 0.826581 0.562817 7
147 0.111571 0.015552 -0.103593 0.994620 7
148 0.554866 0.537922 -0.821542 0.570148 7
149 0.457688 1.650944 -0.982726 -0.185067 7
150 -0.218991 1.971371 0.040480 -0.999180 7
151 0.581653 -1.012832 -0.981494 0.191495 8
152 0.321146 -0.197569 -0.826327 -0.563191 8
153 -0.111436 -0.017874 0.104131 -0.994564 8
154 -0.553914 -0.538575 0.821155 -0.570705 8
155 -0.459085 -1.651217 0.982892 0.184183 8
156 0.219008 -1.970928 -0.040816 0.999167 8
157 0.655950 -1.978649 0.017314 0.999850 1
158 1.977802 -1.808933 -0.999095 0.042529 1
159 1.817980 -0.604621 0.024469 -0.999701 1
160 0.635821 -0.862569 0.974551 -0.224165 1
161 1.790615 1.978381 -0.028244 -0.999601 2
162 0.452408 1.815317 0.992734 0.120327 2
163 0.860376 0.673441 0.078900 0.996883 2
164 1.978345 0.791199 -0.999626 0.027363 2
165 0.862622 -0.649706 -0.072749 0.997350 3
166 1.972162 -0.442582 -0.994458 0.105134 3
167 1.821285 0.582539 -0.093444 -0.995625 3
168 0.638110 0.605761 0.705708 -0.708502 3
169 0.283327 -0.093415 0.868985 0.494839 3
170 -1.821179 -0.580648 0.092161 0.995744 4
171 -0.637528 -0.606231 -0.700524 0.713629 4
172 -0.284222 0.092978 -0.867587 -0.497286 4
173 -0.862774 0.650965 0.068136 -0.997676 4
174 -1.972322 0.442595 0.994846 -0.101400 4
175 -1.978306 -0.790509 0.999642 -0.026754 5
176 -1.788843 -1.978348 0.027296 0.999627 5
177 -0.454435 -1.813841 -0.992813 -0.119677 5
178 -0.867397 -0.671670 -0.082026 -0.996630 5
179 -0.634110 0.864734 -0.974198 0.225694 6
180 -0.648793 1.978664 -0.018871 -0.999822 6
181 -1.977869 1.809532 0.999096 -0.042522 6
182 -1.819862 0.606450 -0.023336 0.999728 6
183 -0.428055 1.810902 0.981408 -0.191931 7
184 -0.613149 0.624342 0.872326 0.488925 7
185 -0.170301 0.027586 0.361570 0.932345 7
186 0.262820 0.111326 -0.798828 0.601560 7
187 0.613008 0.853225 -0.976425 -0.215855 7
188 0.329366 1.956105 -0.353416 -0.935466 7
189 0.429585 -1.811167 -0.981056 0.193722 8
190 0.612369 -0.624888 -0.870046 -0.492970 8
191 0.169761 -0.029790 -0.357163 -0.934042 8
192 -0.261756 -0.112110 0.796398 -0.604773 8
193 -0.614002 -0.853472 0.977193 0.212355 8
194 -0.329523 -1.955690 0.349907 0.936784 8
195 1.411220 -1.979226 -0.000001 1.000000 1
196 1.979225 -1.130003 -1.000000 -0.000004 1
197 1.184116 -0.648452 0.072932 -0.997337 1
198 0.512076 -1.495353 0.982111 -0.188302 1
199 1.029408 1.979292 0.000001 -1.000000 2
200 0.571004 1.181037 0.981961 0.189085 2
201 1.499566 0.627350 0.072134 0.997395 2
202 1.979294 1.470108 -1.000000 -0.000005 2
203 1.501590 -0.603179 -0.072373 0.997378 3
204 1.976583 0.147529 -1.000000 -0.000088 3
205 1.182218 0.628382 -0.072467 -0.997371 3
206 0.398780 0.266929 0.827333 -0.561712 3
207 0.514025 -0.438191 0.825118 0.564960 3
208 -1.182078 -0.626520 0.072930 0.997337 4
209 -0.397903 -0.267524 -0.827317 0.561735 4
210 -0.514911 0.437591 -0.825080 -0.565015 4
211 -1.501737 0.605153 0.072107 -0.997397 4
212 -1.976583 -0.147529 1.000000 0.000091 4
213 -1.979225 -1.469473 1.000000 0.000005 5
214 -1.033604 -1.979226 -0.000001 1.000000 5
215 -0.572880 -1.179084 -0.981967 -0.189054 5
216 -1.500644 -0.625329 -0.072394 -0.997376 5
217 -0.510192 1.497304 -0.982091 0.188409 6
218 -1.410024 1.979292 0.000001 -1.000000 6
219 -1.979294 1.130636 1.000000 0.000004 6
220 -1.180046 0.650580 -0.072456 0.997372 6
221 -0.549494 1.172136 0.981957 -0.189104 7
222 -0.380179 0.282290 0.827061 0.562111 7
223 0.055199 0.012659 -0.024514 0.999699 7
224 0.496304 0.452939 -0.825369 0.564593 7
225 0.488124 1.491296 -0.982088 -0.188425 7
226 -0.109395 1.973003 0.003706 -0.999993 7
227 0.550815 -1.172391 -0.981965 0.189061 8
228 0.379219 -0.282942 -0.827027 -0.562162 8
229 -0.055171 -0.014946 0.025053 -0.999686 8
230 -0.495336 -0.453597 0.825419 -0.564521 8
231 -0.489454 -1.491552 0.982111 0.188301 8
232 0.109396 -1.972584 -0.003793 0.999993 8
233 1.033604 -1.979226 0.000001 1.000000 1
234 1.979225 -1.469473 -1.000000 0.000005 1
235 1.500644 -0.625329 0.072394 -0.997376 1
236 0.572880 -1.179084 0.981967 -0.189054 1
237 1.410024 1.979292 -0.000001 -1.000000 2
238 0.510192 1.497304 0.982091 0.188409 2
239 1.180046 0.650580 0.072456 0.997372 2
240 1.979294 1.130636 -1.000000 0.000004 2
241 1.182078 -0.626520 -0.072930 0.997337 3
242 1.976583 -0.147529 -1.000000 0.000091 3
243 1.501737 0.605153 -0.072107 -0.997397 3
244 0.514911 0.437591 0.825080 -0.565015 3
245 0.397903 -0.267524 0.827317 0.561735 3
246 -1.501590 -0.603179 0.072373 0.997378 4
247 -0.514025 -0.438191 -0.825118 0.564960 4
248 -0.398780 0.266929 -0.827333 -0.561712 4
249 -1.182218 0.628382 0.072467 -0.997371 4
250 -1.976583 0.147529 1.000000 -0.000088 4
251 -1.979225 -1.130003 1.000000 -0.000004 5
252 -1.411220 -1.979226 0.000001 1.000000 5
253 -0.512076 -1.495353 -0.982111 -0.188302 5
254 -1.184116 -0.648452 -0.072932 -0.997337 5
255 -0.571004 1.181037 -0.981961 0.189085 6
256 -1.029408 1.979292 -0.000001 -1.000000 6
257 -1.979294 1.470108 1.000000 -0.000005 6
258 -1.499566 0.627350 -0.072134 0.997395 6
259 -0.488124 1.491296 0.982088 -0.188425 7
260 -0.496304 0.452939 0.825369 0.564593 7
261 -0.055199 0.012659 0.024514 0.999699 7
262 0.380179 0.282290 -0.827061 0.562111 7
263 0.549494 1.172136 -0.981957 -0.189104 7
264 0.109395 1.973003 -0.003706 -0.999993 7
265 0.489454 -1.491552 -0.982111 0.188301 8
266 0.495336 -0.453597 -0.825419 -0.564521 8
267 0.055171 -0.014946 -0.025053 -0.999686 8
268 -0.379219 -0.282942 0.827027 -0.562162 8
269 -0.550815 -1.172391 0.981965 0.189061 8
270 -0.109396 -1.972584 0.003793 0.999993 8
271 1.788843 -1.978348 -0.027296 0.999627 1
272 1.978306 -0.790509 -0.999642 -0.026754 1
273 0.867397 -0.671670 0.082026 -0.996630 1
274 0.454435 -1.813841 0.992813 -0.119677 1
275 0.648793 1.978664 0.018871 -0.999822 2
276 0.634110 0.864734 0.974198 0.225694 2
277 1.819862 0.606450 0.023336 0.999728 2
278 1.977869 1.809532 -0.999096 -0.042522 2
279 1.821179 -0.580648 -0.092161 0.995744 3
280 1.972322 0.442595 -0.994846 -0.101400 3
281 0.862774 0.650965 -0.068136 -0.997676 3
282 0.284222 0.092978 0.867587 -0.497286 3
283 0.637528 -0.606231 0.700524 0.713629 3
284 -0.862622 -0.649706 0.072749 0.997350 4
285 -0.283327 -0.093415 -0.868985 0.494839 4
286 -0.638110 0.605761 -0.705708 -0.708502 4
287 -1.821285 0.582539 0.093444 -0.995625 4
288 -1.972162 -0.442582 0.994458 0.105134 4
289 -1.977802 -1.808933 0.999095 0.042529 5
290 -0.655950 -1.978649 -0.017314 0.999850 5
291 -0.635821 -0.862569 -0.974551 -0.224165 5
292 -1.817980 -0.604621 -0.024469 -0.999701 5
293 -0.452408 1.815317 -0.992734 0.120327 6
294 -1.790615 1.978381 0.028244 -0.999601 6
295 -1.978345 0.791199 0.999626 0.027363 6
296 -0.860376 0.673441 -0.078900 0.996883 6
297 -0.613008 0.853225 0.976425 -0.215855 7
298 -0.262820 0.111326 0.798828 0.601560 7
299 0.170301 0.027586 -0.361570 0.932345 7
300 0.613149 0.624342 -0.872326 0.488925 7
301 0.428055 1.810902 -0.981408 -0.191931 7
302 -0.329366 1.956105 0.353416 -0.935466 7
303 0.614002 -0.853472 -0.977193 0.212355 8
304 0.261756 -0.112110 -0.796398 -0.604773 8
305 -0.169761 -0.029790 0.357163 -0.934042 8
306 -0.612369 -0.624888 0.870046 -0.492970 8
307 -0.429585 -1.811167 0.981056 0.193722 8
308 0.329523 -1.955690 -0.349907 0.936784 8
309 0.559274 -1.973573 0.144010 0.989576 1
310 1.967843 -1.894500 -0.962213 0.272297 1
311 1.901147 -0.609855 -0.282865 -0.959160 1
312 0.658912 -0.776851 0.938553 -0.345134 1
313 1.886086 1.970046 -0.231852 -0.972751 2
314 0.451746 1.900162 0.968584 -0.248688 2
315 0.774314 0.682202 0.168638 0.985678 2
316 1.972045 0.705655 -0.984182 0.177161 2
317 0.785777 -0.655108 -0.051832 0.998656 3
318 1.958047 -0.507329 -0.930517 0.366249 3
319 1.893318 0.570852 -0.310325 -0.950631 3
320 0.674053 0.638522 0.537781 -0.843084 3
321 0.261102 -0.047413 0.964425 0.264356 3
322 -1.893211 -0.569061 0.308305 0.951288 4
323 -0.673977 -0.638892 -0.530560 0.847647 4
324 -0.261814 0.047268 -0.961028 -0.276451 4
325 -0.786114 0.655935 0.045236 -0.998976 4
326 -1.958635 0.507590 0.934228 -0.356677 4
327 -1.971975 -0.703549 0.984020 -0.178057 5
328 -1.884404 -1.970303 0.224422 0.974492 5
329 -0.453987 -1.900481 -0.965408 0.260744 5
330 -0.781123 -0.680494 -0.158917 -0.987292 5
331 -0.656875 0.780320 -0.941023 0.338343 6
332 -0.552316 1.973113 -0.157234 -0.987561 6
333 -1.968038 1.894308 0.962834 -0.270092 6
334 -1.902357 0.612098 0.292919 0.956137 6
335 -0.411312 1.879435 0.936836 -0.349769 7
336 -0.634017 0.664609 0.943360 0.331772 7
337 0.233706 0.073813 -0.735747 0.677256 7
338 0.630171 0.778560 -0.976216 -0.216800 7
339 0.364763 1.939564 -0.495818 -0.868427 7
340 0.412473 -1.879496 -0.933223 0.359298 8
341 0.633310 -0.664779 -0.940807 -0.338943 8
342 -0.232562 -0.074875 0.730758 -0.682636 8
343 -0.630758 -0.778926 0.977737 0.209833 8
344 -0.365047 -1.939305 0.490436 0.871477 8
345 1.316816 -1.979226 -0.000000 1.000000 1
346 1.979225 -1.214870 -1.000000 -0.000000 1
347 1.263247 -0.642664 0.072953 -0.997335 1
348 0.527259 -1.416281 0.982031 -0.188719 1
349 1.124562 1.979292 0.000000 -1.000000 2
350 0.555789 1.260101 0.981994 0.188910 2
351 1.419684 0.633146 0.072488 0.997369 2
352 1.979294 1.385240 -1.000000 -0.000000 2
353 1.421710 -0.608998 -0.072800 0.997347 3
354 1.976586 0.073765 -1.000000 -0.000011 3
355 1.262097 0.622572 -0.072581 -0.997363 3
356 0.427775 0.309617 0.827163 -0.561962 3
357 0.484928 -0.395562 0.826479 0.562967 3
358 -1.261956 -0.620677 0.072953 0.997335 4
359 -0.426898 -0.310212 -0.827170 0.561952 4
360 -0.485810 0.394964 -0.826428 -0.563043 4
361 -1.421856 0.610948 0.072479 -0.997370 4
362 -1.976586 -0.073765 1.000000 0.000012 4
363 -1.979225 -1.384606 1.000000 0.000001 5
364 -1.128008 -1.979226 -0.000000 1.000000 5
365 -0.557667 -1.258149 -0.981996 -0.188901 5
366 -1.421510 -0.631094 -0.072806 -0.997346 5
367 -0.525380 1.418233 -0.982026 0.188745 6
368 -1.314870 1.979292 0.000000 -1.000000 6
369 -1.979294 1.215504 1.000000 0.000000 6
370 -1.259926 0.644770 -0.072579 0.997363 6
371 -0.534139 1.251924 0.981994 -0.188914 7
372 -0.409184 0.324972 0.827094 0.562063 7
373 0.027541 0.012236 -0.009840 0.999952 7
374 0.467219 0.410315 -0.826474 0.562974 7
375 0.503451 1.411503 -0.982025 -0.188750 7
376 -0.054694 1.973108 0.000941 -1.000000 7
377 0.535462 -1.252179 -0.981996 0.188903 8
378 0.408225 -0.325623 -0.827097 -0.562059 8
379 -0.027530 -0.014512 0.010124 -0.999949 8
380 -0.466255 -0.410969 0.826530 -0.562892 8
381 -0.504776 -1.411758 0.982031 0.188719 8
382 0.054694 -1.972692 -0.000967 1.000000 8
383 0.939200 -1.979226 0.000014 1.000000 1
384 1.979223 -1.554341 -1.000000 0.000056 1
385 1.579785 -0.619620 0.071231 -0.997460 1
386 0.588117 -1.100020 0.981866 -0.189577 1
387 1.505178 1.979291 -0.000017 -1.000000 2
388 0.495052 1.576390 0.982288 0.187379 2
389 1.100166 0.656369 0.071972 0.997407 2
390 1.979293 1.045768 -1.000000 0.000044 2
391 1.102201 -0.632356 -0.072744 0.997351 3
392 1.976566 -0.221294 -1.000000 0.000623 3
393 1.581625 0.599410 -0.071066 -0.997472 3
394 0.544180 0.480134 0.822042 -0.569426 3
395 0.368924 -0.224810 0.827996 0.560734 3
396 -1.581478 -0.597420 0.071192 0.997463 4
397 -0.543293 -0.480734 -0.821946 0.569565 4
398 -0.369805 0.224214 -0.828027 -0.560688 4
399 -1.102338 0.634173 0.072003 -0.997404 4
400 -1.976566 0.221294 1.000000 -0.000603 4
401 -1.979224 -1.045135 1.000000 -0.000042 5
402 -1.505624 -1.979226 0.000017 1.000000 5
403 -0.496951 -1.574445 -0.982352 -0.187041 5
404 -1.104984 -0.654234 -0.072756 -0.997350 5
405 -0.586246 1.101974 -0.981842 0.189699 6
406 -0.934254 1.979291 -0.000014 -1.000000 6
407 -1.979293 1.554976 1.000000 -0.000054 6
408 -1.579454 0.621604 -0.071104 0.997469 6
409 -0.472843 1.571102 0.982275 -0.187446 7
410 -0.525503 0.495484 0.823455 0.567381 7
411 -0.083156 0.013600 0.051265 0.998685 7
412 0.351164 0.239605 -0.826979 0.562233 7
413 0.564878 1.092353 -0.981829 -0.189769 7
414 0.164131 1.972623 -0.012694 -0.999919 7
415 0.474191 -1.571363 -0.982349 0.187059 8
416 0.524535 -0.496144 -0.823398 -0.567465 8
417 0.083093 -0.015905 -0.051964 -0.998649 8
418 -0.350199 -0.240261 0.826877 -0.562382 8
419 -0.566192 -1.092606 0.981860 0.189606 8
420 -0.164136 -1.972197 0.012910 0.999917 8
421 1.694477 -1.979148 -0.002588 0.999997 1
422 1.979114 -0.875341 -0.999994 -0.003366 1
423 0.946624 -0.665721 0.072610 -0.997360 1
424 0.467390 -1.733266 0.984826 -0.173545 1
425 0.743914 1.979233 0.001868 -0.999998 2
426 0.617268 0.943803 0.979928 0.199354 2
427 1.739480 0.610656 0.062182 0.998065 2
428 1.979132 1.724747 -0.999987 -0.005122 2
429 1.741340 -0.586387 -0.067266 0.997735 3
430 1.975803 0.368877 -0.999787 -0.020641 3
431 0.942582 0.645490 -0.068942 -0.997621 3
432 0.312218 0.138075 0.839306 -0.543659 3
433 0.603698 -0.565131 0.794865 0.606787 3
434 -0.942442 -0.643922 0.071826 0.997417 4
435 -0.311324 -0.138643 -0.839569 0.543253 4
436 -0.604493 0.564587 -0.796427 -0.604735 4
437 -1.741474 0.588351 0.067873 -0.997694 4
438 -1.975774 -0.368877 0.999771 0.021418 4
439 -1.979062 -1.724139 0.999987 0.005123 5
440 -0.750339 -1.979171 -0.001748 0.999998 5
441 -0.619077 -0.941776 -0.980147 -0.198273 5
442 -1.738349 -0.608788 -0.061907 -0.998082 5
443 -0.465394 1.735036 -0.984630 0.174652 6
444 -1.695513 1.979212 0.002646 -0.999996 6
445 -1.979179 0.876004 0.999994 0.003486 6
446 -0.940331 0.667704 -0.069814 0.997560 6
447 -0.596202 0.932808 0.979930 -0.199341 7
448 -0.292888 0.154108 0.823516 0.567293 7
449 0.141137 0.019639 -0.200722 0.979648 7
450 0.584403 0.580548 -0.825494 0.564411 7
451 0.442780 1.730976 -0.983475 -0.181045 7
452 -0.274620 1.967429 0.121451 -0.992597 7
453 0.597407 -0.933060 -0.980258 0.197722 8
454 0.291886 -0.154802 -0.822845 -0.568266 8
455 -0.140857 -0.021953 0.200166 -0.979762 8
456 -0.583505 -0.581173 0.824449 -0.565936 8
457 -0.444269 -1.731262 0.983682 0.179918 8
458 0.274672 -1.966970 -0.121296 0.992616 8
459 0.750339 -1.979171 0.001748 0.999998 1
460 1.979062 -1.724139 -0.999987 0.005123 1
461 1.738349 -0.608788 0.061907 -0.998082 1
462 0.619077 -0.941776 0.980147 -0.198273 1
463 1.695513 1.979212 -0.002646 -0.999996 2
464 0.465394 1.735036 0.984630 0.174652 2
465 0.940331 0.667704 0.069814 0.997560 2
466 1.979179 0.876004 -0.999994 0.003486 2
467 0.942442 -0.643922 -0.071826 0.997417 3
468 1.975774 -0.368877 -0.999771 0.021418 3
469 1.741474 0.588351 -0.067873 -0.997694 3
470 0.604493 0.564587 0.796427 -0.604735 3
471 0.311324 -0.138643 0.839569 0.543253 3
472 -1.741340 -0.586387 0.067266 0.997735 4
473 -0.603698 -0.565131 -0.794865 0.606787 4
474 -0.312218 0.138075 -0.839306 -0.543659 4
475 -0.942582 0.645490 0.068942 -0.997621 4
476 -1.975803 0.368877 0.999787 -0.020641 4
477 -1.979114 -0.875341 0.999994 -0.003366 5
478 -1.694477 -1.979148 0.002588 0.999997 5
479 -0.467390 -1.733266 -0.984826 -0.173545 5
480 -0.946624 -0.665721 -0.072610 -0.997360 5
481 -0.617268 0.943803 -0.979928 0.199354 6
482 -0.743914 1.979233 -0.001868 -0.999998 6
483 -1.979132 1.724747 0.999987 -0.005122 6
484 -1.739480 0.610656 -0.062182 0.998065 6
485 -0.442780 1.730976 0.983475 -0.181045 7
486 -0.584403 0.580548 0.825494 0.564411 7
487 -0.141137 0.019639 0.200722 0.979648 7
488 0.292888 0.154108 -0.823516 0.567293 7
489 0.596202 0.932808 -0.979930 -0.199341 7
490 0.274620 1.967429 -0.121451 -0.992597 7
491 0.444269 -1.731262 -0.983682 0.179918 8
492 0.583505 -0.581173 -0.824449 -0.565936 8
493 0.140857 -0.021953 -0.200166 -0.979762 8
494 -0.291886 -0.154802 0.822845 -0.568266 8
495 -0.597407 -0.933060 0.980258 0.197722 8
496 -0.274672 -1.966970 0.121296 0.992616 8
497 1.505624 -1.979226 -0.000017 1.000000 1
498 1.979224 -1.045135 -1.000000 -0.000042 1
499 1.104984 -0.654234 0.072756 -0.997350 1
500 0.496951 -1.574445 0.982352 -0.187041 1
501 0.934254 1.979291 0.000014 -1.000000 2
502 0.586246 1.101974 0.981842 0.189699 2
503 1.579454 0.621604 0.071104 0.997469 2
504 1.979293 1.554976 -1.000000 -0.000054 2
505 1.581478 -0.597420 -0.071192 0.997463 3
506 1.976566 0.221294 -1.000000 -0.000603 3
507 1.102338 0.634173 -0.072003 -0.997404 3
508 0.369805 0.224214 0.828027 -0.560688 3
509 0.543293 -0.480734 0.821946 0.569565 3
510 -1.102201 -0.632356 0.072744 0.997351 4
511 -0.368924 -0.224810 -0.827996 0.560734 4
512 -0.544180 0.480134 -0.822042 -0.569426 4
513 -1.581625 0.599410 0.071066 -0.997472 4
514 -1.976566 -0.221294 1.000000 0.000623 4
515 -1.979223 -1.554341 1.000000 0.000056 5
516 -0.939200 -1.979226 -0.000014 1.000000 5
517 -0.588117 -1.100020 -0.981866 -0.189577 5
518 -1.579785 -0.619620 -0.071231 -0.997460 5
519 -0.495052 1.576390 -0.982288 0.187379 6
520 -1.505178 1.979291 0.000017 -1.000000 6
521 -1.979293 1.045768 1.000000 0.000044 6
522 -1.100166 0.656369 -0.071972 0.997407 6
523 -0.564878 1.092353 0.981829 -0.189769 7
524 -0.351164 0.239605 0.826979 0.562233 7
525 0.083156 0.013600 -0.051265 0.998685 7
526 0.525503 0.495484 -0.823455 0.567381 7
527 0.472843 1.571102 -0.982275 -0.187446 7
528 -0.164131 1.972623 0.012694 -0.999919 7
529 0.566192 -1.092606 -0.981860 0.189606 8
530 0.350199 -0.240261 -0.826877 -0.562382 8
531 -0.083093 -0.015905 0.051964 -0.998649 8
532 -0.524535 -0.496144 0.823398 -0.567465 8
533 -0.474191 -1.571363 0.982349 0.187059 8
534 0.164136 -1.972197 -0.012910 0.999917 8
535 1.128008 -1.979226 0.000000 1.000000 1
536 1.979225 -1.384606 -1.000000 0.000001 1
537 1.421510 -0.631094 0.072806 -0.997346 1
538 0.557667 -1.258149 0.981996 -0.188901 1
539 1.314870 1.979292 -0.000000 -1.000000 2
540 0.525380 1.418233 0.982026 0.188745 2
541 1.259926 0.644770 0.072579 0.997363 2
542 1.979294 1.215504 -1.000000 0.000000 2
543 1.261956 -0.620677 -0.072953 0.997335 3
544 1.976586 -0.073765 -1.000000 0.000012 3
545 1.421856 0.610948 -0.072479 -0.997370 3
546 0.485810 0.394964 0.826428 -0.563043 3
547 0.426898 -0.310212 0.827170 0.561952 3
548 -1.421710 -0.608998 0.072800 0.997347 4
549 -0.484928 -0.395562 -0.826479 0.562967 4
550 -0.427775 0.309617 -0.827163 -0.561962 4
551 -1.262097 0.622572 0.072581 -0.997363 4
552 -1.976586 0.073765 1.000000 -0.000011 4
553 -1.979225 -1.214870 1.000000 -0.000000 5
554 -1.316816 -1.979226 0.000000 1.000000 5
555 -0.527259 -1.416281 -0.982031 -0.188719 5
556 -1.263247 -0.642664 -0.072953 -0.997335 5
557 -0.555789 1.260101 -0.981994 0.188910 6
558 -1.124562 1.979292 -0.000000 -1.000000 6
559 -1.979294 1.385240 1.000000 -0.000000 6
560 -1.419684 0.633146 -0.072488 0.997369 6
561 -0.503451 1.411503 0.982025 -0.188750 7
562 -0.467219 0.410315 0.826474 0.562974 7
563 -0.027541 0.012236 0.009840 0.999952 7
564 0.409184 0.324972 -0.827094 0.562063 7
565 0.534139 1.251924 -0.981994 -0.188914 7
566 0.054694 1.973108 -0.000941 -1.000000 7
567 0.504776 -1.411758 -0.982031 0.188719 8
568 0.466255 -0.410969 -0.826530 -0.562892 8
569 0.027530 -0.014512 -0.010124 -0.999949 8
570 -0.408225 -0.325623 0.827097 -0.562059 8
571 -0.535462 -1.252179 0.981996 0.188903 8
572 -0.054694 -1.972692 0.000967 1.000000 8
573 1.884404 -1.970303 -0.224422 0.974492 1
574 1.971975 -0.703549 -0.984020 -0.178057 1
575 0.781123 -0.680494 0.158917 -0.987292 1
576 0.453987 -1.900481 0.965408 0.260744 1
577 0.552316 1.973113 0.157234 -0.987561 2
578 0.656875 0.780320 0.941023 0.338343 2
579 1.902357 0.612098 -0.292919 0.956137 2
580 1.968038 1.894308 -0.962834 -0.270092 2
581 1.893211 -0.569061 -0.308305 0.951288 3
582 1.958635 0.507590 -0.934228 -0.356677 3
583 0.786114 0.655935 -0.045236 -0.998976 3
584 0.261814 0.047268 0.961028 -0.276451 3
585 0.673977 -0.638892 0.530560 0.847647 3
586 -0.785777 -0.655108 0.051832 0.998656 4
587 -0.261102 -0.047413 -0.964425 0.264356 4
588 -0.674053 0.638522 -0.537781 -0.843084 4
589 -1.893318 0.570852 0.310325 -0.950631 4
590 -1.958047 -0.507329 0.930517 0.366249 4
591 -1.967843 -1.894500 0.962213 0.272297 5
592 -0.559274 -1.973573 -0.144010 0.989576 5
593 -0.658912 -0.776851 -0.938553 -0.345134 5
594 -1.901147 -0.609855 0.282865 -0.959160 5
595 -0.451746 1.900162 -0.968584 -0.248688 6
596 -1.886086 1.970046 0.231852 -0.972751 6
597 -1.972045 0.705655 0.984182 0.177161 6
598 -0.774314 0.682202 -0.168638 0.985678 6
599 -0.630171 0.778560 0.976216 -0.216800 7
600 -0.233706 0.073813 0.735747 0.677256 7
601 0.634017 0.664609 -0.943360 0.331772 7
602 0.411312 1.879435 -0.936836 -0.349769 7
603 -0.364763 1.939564 0.495818 -0.868427 7
604 0.630758 -0.778926 -0.977737 0.209833 8
605 0.232562 -0.074875 -0.730758 -0.682636 8
606 -0.633310 -0.664779 0.940807 -0.338943 8
607 -0.412473 -1.879496 0.933223 0.359298 8
608 0.365047 -1.939305 -0.490436 0.871477 8
609 0.517640 -1.964339 0.322602 0.946535 1
610 1.953995 -1.927090 -0.883311 0.468787 1
611 1.932439 -0.625822 -0.569020 -0.822324 1
612 0.677021 -0.735802 0.848838 -0.528653 1
613 1.924028 1.956046 -0.458802 -0.888539 2
614 0.467553 1.932150 0.835661 -0.549246 2
615 0.732091 0.691666 0.338205 0.941072 2
616 1.962577 0.670010 -0.935947 0.352140 2
617 0.748991 -0.656417 0.016994 0.999856 3
618 1.945949 -0.530109 -0.845384 0.534159 3
619 1.919443 0.558407 -0.528318 -0.849046 3
620 -1.919226 -0.556750 0.524082 0.851668 4
621 -0.749263 0.656981 -0.025757 -0.999668 4
622 -1.946691 0.530771 0.850957 -0.525235 4
623 -1.962229 -0.667218 0.934209 -0.356727 5
624 -1.922570 -1.956706 0.447390 0.894339 5
625 -0.471003 -1.933279 -0.819424 0.573188 5
626 -0.738586 -0.689226 -0.306619 -0.951832 5
627 -0.674026 0.740023 -0.863866 0.503722 6
628 -0.511124 1.963100 -0.347155 -0.937808 6
629 -1.954422 1.926723 0.887254 -0.461281 6
630 -1.933148 0.628320 0.580820 0.814032 6
631 -0.398158 1.906561 0.843911 -0.536483 7
632 0.637861 0.742077 -0.987833 -0.155516 7
633 0.399004 -1.906385 -0.837102 0.547046 8
634 -0.638131 -0.742373 0.989516 0.144421 8
635 1.269614 -1.979226 -0.000000 1.000000 1
636 1.979225 -1.257304 -1.000000 -0.000000 1
637 1.302813 -0.639770 0.072944 -0.997336 1
638 0.534858 -1.376747 0.982016 -0.188796 1
639 1.172139 1.979292 0.000000 -1.000000 2
640 0.548185 1.299634 0.982001 0.188874 2
641 1.379745 0.636050 0.072552 0.997365 2
642 1.979294 1.342806 -1.000000 -0.000000 2
643 1.381771 -0.611915 -0.072882 0.997341 3
644 1.976586 0.036882 -1.000000 -0.000004 3
645 1.302037 0.619665 -0.072589 -0.997362 3
646 0.442276 0.330958 0.827092 -0.562067 3
647 0.470410 -0.374231 0.826810 0.562482 3
648 -1.301894 -0.617756 0.072944 0.997336 4
649 -0.441398 -0.331554 -0.827111 0.562039 4
650 -0.471290 0.373634 -0.826767 -0.562545 4
651 -1.381916 0.613852 0.072547 -0.997365 4
652 -1.976586 -0.036882 1.000000 0.000004 4
653 -1.979225 -1.342172 1.000000 0.000000 5
654 -1.175210 -1.979226 -0.000000 1.000000 5
655 -0.550063 -1.297681 -0.982002 -0.188868 5
656 -1.381944 -0.633984 -0.072884 -0.997340 5
657 -0.532980 1.378700 -0.982014 0.188809 6
658 -1.267293 1.979292 0.000000 -1.000000 6
659 -1.979294 1.257938 1.000000 0.000000 6
660 -1.299865 0.641863 -0.072589 0.997362 6
661 -0.526465 1.291819 0.982001 -0.188876 7
662 -0.423687 0.346312 0.827059 0.562114 7
663 0.452701 0.388986 -0.826778 0.562529 7
664 0.511121 1.371608 -0.982013 -0.188812 7
665 -0.027347 1.973124 0.000381 -1.000000 7
666 0.527788 -1.292073 -0.982002 0.188869 8
667 0.422727 -0.346964 -0.827077 -0.562089 8
668 -0.451739 -0.389639 0.826823 -0.562463 8
669 -0.512445 -1.371862 0.982016 0.188797 8
670 0.027347 -1.972709 -0.000391 1.000000 8
671 0.891999 -1.979225 0.000048 1.000000 1
672 1.979220 -1.596774 -1.000000 0.000180 1
673 1.619363 -0.616811 0.070151 -0.997536 1
674 0.595759 -1.060489 0.981742 -0.190219 1
675 1.552754 1.979290 -0.000062 -1.000000 2
676 0.487523 1.615949 0.982492 0.186305 2
677 1.060225 0.659243 0.071463 0.997443 2
678 1.979290 1.003335 -1.000000 0.000135 2
679 1.062261 -0.635266 -0.072519 0.997367 3
680 1.976532 -0.258177 -0.999999 0.001564 3
681 1.621575 0.596580 -0.070153 -0.997536 3
682 0.558938 0.501353 0.819305 -0.573358 3
683 0.354455 -0.203419 0.828906 0.559388 3
684 -1.621428 -0.594586 0.070161 0.997536 4
685 -0.558057 -0.501949 -0.819047 0.573727 4
686 -0.355338 0.202824 -0.828934 -0.559347 4
687 -1.062398 0.637048 0.071498 -0.997441 4
688 -1.976534 0.258177 0.999999 -0.001512 4
689 -1.979221 -1.002702 1.000000 -0.000129 5
690 -1.552825 -1.979225 0.000062 1.000000 5
691 -0.489438 -1.614011 -0.982594 -0.185767 5
692 -1.065418 -0.657118 -0.072551 -0.997365 5
693 -0.593894 1.062445 -0.981697 0.190448 6
694 -0.886678 1.979290 -0.000049 -1.000000 6
695 -1.979289 1.597409 1.000000 -0.000176 6
696 -1.619405 0.618772 -0.070127 0.997538 6
697 -0.465242 1.611017 0.982457 -0.186488 7
698 -0.540163 0.516716 0.822342 0.568993 7
699 0.336648 0.218257 -0.826878 0.562381 7
700 0.572599 1.052465 -0.981673 -0.190574 7
701 0.191538 1.972175 -0.022819 -0.999740 7
702 0.466610 -1.611283 -0.982573 0.185876 8
703 0.539200 -0.517374 -0.822156 -0.569262 8
704 -0.335679 -0.218916 0.826717 -0.562618 8
705 -0.573905 -1.052717 0.981733 0.190266 8
706 -0.191547 -1.971741 0.023113 0.999733 8
707 1.647253 -1.979204 -0.000767 1.000000 1
708 1.979188 -0.917803 -0.999999 -0.001162 1
709 0.986237 -0.662857 0.072141 -0.997394 1
710 0.474601 -1.693398 0.983626 -0.180219 1
711 0.791507 1.979274 0.000568 -1.000000 2
712 0.609355 0.983353 0.980907 0.194476 2
713 1.699411 0.613265 0.066388 0.997794 2
714 1.979242 1.682297 -0.999999 -0.001712 2
715 1.701360 -0.589069 -0.067538 0.997717 3
716 1.976261 0.331967 -0.999961 -0.008829 3
717 0.982518 0.642714 -0.069822 -0.997559 3
718 0.326507 0.159817 0.833698 -0.552220 3
719 0.588144 -0.544194 0.807277 0.590172 3
720 -0.982380 -0.641048 0.071891 0.997413 4
721 -0.325617 -0.160402 -0.833776 0.552103 4
722 -0.588985 0.543624 -0.808214 -0.588888 4
723 -1.701500 0.591052 0.067886 -0.997693 4
724 -1.976250 -0.331967 0.999958 0.009154 4
725 -1.979172 -1.681675 0.999999 0.001719 5
726 -0.797567 -1.979210 -0.000538 1.000000 5
727 -0.611193 -0.981363 -0.981045 -0.193782 5
728 -1.698639 -0.611363 -0.066164 -0.997809 5
729 -0.472636 1.695251 -0.983441 0.181227 6
730 -1.647923 1.979269 0.000778 -1.000000 6
731 -1.979255 0.918451 0.999999 0.001207 6
732 -0.980307 0.664912 -0.070014 0.997546 6
733 -0.588213 0.972683 0.980856 -0.194732 7
734 -0.307538 0.175503 0.825732 0.564062 7
735 0.569650 0.559205 -0.821951 0.569558 7
736 0.450189 1.690952 -0.983089 -0.183126 7
737 -0.246780 1.969937 0.070693 -0.997498 7
738 0.589470 -0.972936 -0.981051 0.193750 8
739 0.306552 -0.176179 -0.825324 -0.564659 8
740 -0.568719 -0.559848 0.821279 -0.570527 8
741 -0.451628 -1.691231 0.983298 0.182004 8
742 0.246811 -1.969484 -0.070941 0.997481 8
743 0.703129 -1.979045 0.005531 0.999985 1
744 1.978737 -1.766572 -0.999890 0.014860 1
745 1.778121 -0.606433 0.052257 -0.998634 1
746 0.627214 -0.902163 0.978376 -0.206833 1
747 1.743085 1.979017 -0.008737 -0.999962 2
748 0.458486 1.775026 0.987170 0.159674 2
749 0.900354 0.670508 0.071565 0.997436 2
750 1.978960 0.833579 -0.999952 0.009839 2
751 0.902520 -0.646799 -0.072274 0.997385 3
752 1.974669 -0.405783 -0.998801 0.048956 3
753 1.781428 0.585614 -0.072640 -0.997358 3
754 0.620661 0.585340 0.774615 -0.632434 3
755 0.297199 -0.116484 0.850272 0.526344 3
756 -1.781306 -0.583679 0.071693 0.997427 4
757 -0.619943 -0.585850 -0.772085 0.635519 4
758 -0.298094 0.115954 -0.849609 -0.527412 4
759 -0.902665 0.648233 0.068452 -0.997654 4
760 -1.974737 0.405784 0.998887 -0.047172 4
761 -1.978902 -0.832902 0.999955 -0.009523 5
762 -1.741681 -1.978959 0.008475 0.999964 5
763 -0.460506 -1.773384 -0.987321 -0.158739 5
764 -0.907010 -0.668624 -0.074878 -0.997193 5
765 -0.625448 0.904249 -0.978059 0.208327 6
766 -0.696338 1.979097 -0.005983 -0.999982 6
767 -1.978807 1.767173 0.999889 -0.014897 6
768 -1.779622 0.608268 -0.052252 0.998634 6
769 -0.435455 1.770991 0.983449 -0.181185 7
770 -0.598993 0.602121 0.835993 0.548740 7
771 0.278066 0.132721 -0.818151 0.575003 7
772 0.604427 0.892974 -0.978422 -0.206618 7
773 0.302374 1.963134 -0.202546 -0.979273 7
774 0.436988 -1.771278 -0.983529 0.180748 8
775 0.598143 -0.602713 -0.834510 -0.550993 8
776 -0.277041 -0.133447 0.817010 -0.576623 8
777 -0.605548 -0.893226 0.978945 0.204125 8
778 -0.302458 -1.962684 0.201427 0.979503 8
779 1.458422 -1.979226 -0.000005 1.000000 1
780 1.979225 -1.087569 -1.000000 -0.000013 1
781 1.144551 -0.651345 0.072875 -0.997341 1
782 0.504502 -1.534896 0.982202 -0.187830 1
783 0.981831 1.979292 0.000004 -1.000000 2
784 0.578619 1.141505 0.981920 0.189299 2
785 1.539509 0.624467 0.071741 0.997423 2
786 1.979294 1.512542 -1.000000 -0.000016 2
787 1.541532 -0.600288 -0.071913 0.997411 3
788 1.976579 0.184411 -1.000000 -0.000234 3
789 1.142278 0.631282 -0.072304 -0.997383 3
790 0.384288 0.245577 0.827560 -0.561378 3
791 0.528628 -0.459479 0.823855 0.566800 3
792 -1.142140 -0.629440 0.072871 0.997341 4
793 -0.383409 -0.246173 -0.827534 0.561415 4
794 -0.529516 0.458878 -0.823861 -0.566792 4
795 -1.541680 0.602272 0.071702 -0.997426 4
796 -1.976578 -0.184411 1.000000 0.000241 4
797 -1.979224 -1.511907 1.000000 0.000017 5
798 -0.986402 -1.979226 -0.000004 1.000000 5
799 -0.580494 -1.139552 -0.981932 -0.189236 5
800 -1.540213 -0.622463 -0.071947 -0.997408 5
801 -0.502612 1.536844 -0.982164 0.188027 6
802 -1.457601 1.979292 0.000005 -1.000000 6
803 -1.979294 1.088202 1.000000 0.000014 6
804 -1.140106 0.653479 -0.072284 0.997384 6
805 -0.557180 1.132244 0.981912 -0.189336 7
806 -0.365673 0.260948 0.827025 0.562164 7
807 0.510885 0.474224 -0.824508 0.565850 7
808 0.480474 1.531196 -0.982158 -0.188057 7
809 -0.136756 1.972870 0.006934 -0.999976 7
810 0.558498 -1.132498 -0.981929 0.189251 8
811 0.364711 -0.261601 -0.826964 -0.562255 8
812 -0.509916 -0.474884 0.824524 -0.565828 8
813 -0.481811 -1.531454 0.982202 0.187830 8
814 0.136758 -1.972449 -0.007078 0.999975 8
815 1.080806 -1.979226 0.000000 1.000000 1
816 1.979225 -1.427040 -1.000000 0.000002 1
817 1.461077 -0.628208 0.072659 -0.997357 1
818 0.565272 -1.218616 0.981986 -0.188955 1
819 1.362447 1.979292 -0.000000 -1.000000 2
820 0.517783 1.457768 0.982049 0.188627 2
821 1.219986 0.647676 0.072541 0.997365 2
822 1.979294 1.173070 -1.000000 0.000001 2
823 1.222017 -0.623599 -0.072951 0.997336 3
824 1.976585 -0.110647 -1.000000 0.000033 3
825 1.461796 0.608047 -0.072346 -0.997380 3
826 0.500348 0.416285 0.825894 -0.563825 3
827 0.412399 -0.288869 0.827221 0.561876 3
828 -1.461650 -0.606085 0.072647 0.997358 4
829 -0.499463 -0.416884 -0.825947 0.563748 4
830 -0.413277 0.288274 -0.827226 -0.561870 4
831 -1.222158 0.625478 0.072546 -0.997365 4
832 -1.976585 0.110647 1.000000 -0.000032 4
833 -1.979225 -1.172436 1.000000 -0.000001 5
834 -1.364018 -1.979226 0.000000 1.000000 5
835 -0.519664 -1.455816 -0.982059 -0.188572 5
836 -1.223682 -0.645558 -0.072952 -0.997335 5
837 -0.563394 1.220569 -0.981983 0.188971 6
838 -1.076985 1.979292 -0.000000 -1.000000 6
839 -1.979294 1.427674 1.000000 -0.000001 6
840 -1.459625 0.630245 -0.072362 0.997378 6
841 -0.495785 1.451399 0.982047 -0.188636 7
842 -0.481752 0.431634 0.826017 0.563645 7
843 0.394682 0.303631 -0.827089 0.562071 7
844 0.541815 1.212030 -0.981981 -0.188980 7
845 0.082043 1.973073 -0.001922 -0.999998 7
846 0.497111 -1.451654 -0.982059 0.188572 8
847 0.480786 -0.432290 -0.826077 -0.563558 8
848 -0.393723 -0.304282 0.827075 -0.562091 8
849 -0.543137 -1.212284 0.981985 0.188959 8
850 -0.082043 -1.972656 0.001971 0.999998 8
851 1.837273 -1.976349 -0.083885 0.996475 1
852 1.976592 -0.746598 -0.997361 -0.072609 1
853 0.824268 -0.675434 0.101749 -0.994810 1
854 0.450419 -1.857065 0.999987 -0.005167 1
855 0.600198 1.977282 0.057439 -0.998349 2
856 0.644415 0.822379 0.965507 0.260378 2
857 1.861460 0.606358 -0.068311 0.997664 2
858 1.975164 1.852783 -0.993342 -0.115199 2
859 1.858054 -0.576576 -0.158816 0.987308 3
860 1.967573 0.476076 -0.978539 -0.206063 3
861 0.824373 0.653579 -0.064695 -0.997905 3
862 -0.824128 -0.652517 0.070133 0.997538 4
863 -1.858157 0.578413 0.160141 -0.987094 4
864 -1.967245 -0.476002 0.977053 0.212995 4
865 -1.975075 -1.852597 0.993295 0.115610 5
866 -0.607288 -1.977385 -0.052429 0.998625 5
867 -0.646203 -0.819609 -0.965580 -0.260107 5
868 -1.859905 -0.604431 0.062805 -0.998026 5
869 -0.448457 1.857773 -0.999970 0.007800 6
870 -1.839025 1.976306 0.086970 -0.996211 6
871 -1.976617 0.748005 0.997300 0.073442 6
872 -0.817371 0.677075 -0.101276 0.994858 6
873 -0.621487 0.815805 0.974583 -0.224025 7
874 0.420805 1.845904 -0.971431 -0.237320 7
875 0.622305 -0.816117 -0.975659 0.219293 8
876 -0.422212 -1.846105 0.970044 0.242928 8
877 0.607288 -1.977385 0.052429 0.998625 1
878 1.975075 -1.852597 -0.993295 0.115610 1
879 1.859905 -0.604431 -0.062805 -0.998026 1
880 0.646203 -0.819609 0.965580 -0.260107 1
881 1.839025 1.976306 -0.086970 -0.996211 2
882 0.448457 1.857773 0.999970 0.007800 2
883 0.817371 0.677075 0.101276 0.994858 2
884 1.976617 0.748005 -0.997300 0.073442 2
885 0.824128 -0.652517 -0.070133 0.997538 3
886 1.967245 -0.476002 -0.977053 0.212995 3
887 1.858157 0.578413 -0.160141 -0.987094 3
888 -1.858054 -0.576576 0.158816 0.987308 4
889 -0.824373 0.653579 0.064695 -0.997905 4
890 -1.967573 0.476076 0.978539 -0.206063 4
891 -1.976592 -0.746598 0.997361 -0.072609 5
892 -1.837273 -1.976349 0.083885 0.996475 5
893 -0.450419 -1.857065 -0.999987 -0.005167 5
894 -0.824268 -0.675434 -0.101749 -0.994810 5
895 -0.644415 0.822379 -0.965507 0.260378 6
896 -0.600198 1.977282 -0.057439 -0.998349 6
897 -1.975164 1.852783 0.993342 -0.115199 6
898 -1.861460 0.606358 0.068311 0.997664 6
899 -0.420805 1.845904 0.971431 -0.237320 7
900 0.621487 0.815805 -0.974583 -0.224025 7
901 0.422212 -1.846105 -0.970044 0.242928 8
902 -0.622305 -0.816117 0.975659 0.219293 8
903 1.364018 -1.979226 -0.000000 1.000000 1
904 1.979225 -1.172436 -1.000000 -0.000001 1
905 1.223682 -0.645558 0.072952 -0.997335 1
906 0.519664 -1.455816 0.982059 -0.188572 1
907 1.076985 1.979292 0.000000 -1.000000 2
908 0.563394 1.220569 0.981983 0.188971 2
909 1.459625 0.630245 0.072362 0.997378 2
910 1.979294 1.427674 -1.000000 -0.000001 2
911 1.461650 -0.606085 -0.072647 0.997358 3
912 1.976585 0.110647 -1.000000 -0.000032 3
913 1.222158 0.625478 -0.072546 -0.997365 3
914 0.413277 0.288274 0.827226 -0.561870 3
915 0.499463 -0.416884 0.825947 0.563748 3
916 -1.222017 -0.623599 0.072951 0.997336 4
917 -0.412399 -0.288869 -0.827221 0.561876 4
918 -0.500348 0.416285 -0.825894 -0.563825 4
919 -1.461796 0.608047 0.072346 -0.997380 4
920 -1.976585 -0.110647 1.000000 0.000033 4
921 -1.979225 -1.427040 1.000000 0.000002 5
922 -1.080806 -1.979226 -0.000000 1.000000 5
923 -0.565272 -1.218616 -0.981986 -0.188955 5
924 -1.461077 -0.628208 -0.072659 -0.997357 5
925 -0.517783 1.457768 -0.982049 0.188627 6
926 -1.362447 1.979292 0.000000 -1.000000 6
927 -1.979294 1.173070 1.000000 0.000001 6
928 -1.219986 0.647676 -0.072541 0.997365 6
929 -0.541815 1.212030 0.981981 -0.188980 7
930 -0.394682 0.303631 0.827089 0.562071 7
931 0.481752 0.431634 -0.826017 0.563645 7
932 0.495785 1.451399 -0.982047 -0.188636 7
933 -0.082043 1.973073 0.001922 -0.999998 7
934 0.543137 -1.212284 -0.981985 0.188959 8
935 0.393723 -0.304282 -0.827075 -0.562091 8
936 -0.480786 -0.432290 0.826077 -0.563558 8
937 -0.497111 -1.451654 0.982059 0.188572 8
938 0.082043 -1.972656 -0.001971 0.999998 8
939 0.986402 -1.979226 0.000004 1.000000 1
940 1.979224 -1.511907 -1.000000 0.000017 1
941 1.540213 -0.622463 0.071947 -0.997408 1
942 0.580494 -1.139552 0.981932 -0.189236 1
943 1.457601 1.979292 -0.000005 -1.000000 2
944 0.502612 1.536844 0.982164 0.188027 2
945 1.140106 0.653479 0.072284 0.997384 2
946 1.979294 1.088202 -1.000000 0.000014 2
947 1.142140 -0.629440 -0.072871 0.997341 3
948 1.976578 -0.184411 -1.000000 0.000241 3
949 1.541680 0.602272 -0.071702 -0.997426 3
950 0.529516 0.458878 0.823861 -0.566792 3
951 0.383409 -0.246173 0.827534 0.561415 3
952 -1.541532 -0.600288 0.071913 0.997411 4
953 -0.528628 -0.459479 -0.823855 0.566800 4
954 -0.384288 0.245577 -0.827560 -0.561378 4
955 -1.142278 0.631282 0.072304 -0.997383 4
956 -1.976579 0.184411 1.000000 -0.000234 4
957 -1.979225 -1.087569 1.000000 -0.000013 5
958 -1.458422 -1.979226 0.000005 1.000000 5
959 -0.504502 -1.534896 -0.982202 -0.187830 5
960 -1.144551 -0.651345 -0.072875 -0.997341 5
961 -0.578619 1.141505 -0.981920 0.189299 6
962 -0.981831 1.979292 -0.000004 -1.000000 6
963 -1.979294 1.512542 1.000000 -0.000016 6
964 -1.539509 0.624467 -0.071741 0.997423 6
965 -0.480474 1.531196 0.982158 -0.188057 7
966 -0.510885 0.474224 0.824508 0.565850 7
967 0.365673 0.260948 -0.827025 0.562164 7
968 0.557180 1.132244 -0.981912 -0.189336 7
969 0.136756 1.972870 -0.006934 -0.999976 7
970 0.481811 -1.531454 -0.982202 0.187830 8
971 0.509916 -0.474884 -0.824524 -0.565828 8
972 -0.364711 -0.261601 0.826964 -0.562255 8
973 -0.558498 -1.132498 0.981929 0.189251 8
974 -0.136758 -1.972449 0.007078 0.999975 8
975 1.741681 -1.978959 -0.008475 0.999964 1
976 1.978902 -0.832902 -0.999955 -0.009523 1
977 0.907010 -0.668624 0.074878 -0.997193 1
978 0.460506 -1.773384 0.987321 -0.158739 1
979 0.696338 1.979097 0.005983 -0.999982 2
980 0.625448 0.904249 0.978059 0.208327 2
981 1.779622 0.608268 0.052252 0.998634 2
982 1.978807 1.767173 -0.999889 -0.014897 2
983 1.781306 -0.583679 -0.071693 0.997427 3
984 1.974737 0.405784 -0.998887 -0.047172 3
985 0.902665 0.648233 -0.068452 -0.997654 3
986 0.298094 0.115954 0.849609 -0.527412 3
987 0.619943 -0.585850 0.772085 0.635519 3
988 -0.902520 -0.646799 0.072274 0.997385 4
989 -0.297199 -0.116484 -0.850272 0.526344 4
990 -0.620661 0.585340 -0.774615 -0.632434 4
991 -1.781428 0.585614 0.072640 -0.997358 4
992 -1.974669 -0.405783 0.998801 0.048956 4
993 -1.978737 -1.766572 0.999890 0.014860 5
994 -0.703129 -1.979045 -0.005531 0.999985 5
995 -0.627214 -0.902163 -0.978376 -0.206833 5
996 -1.778121 -0.606433 -0.052257 -0.998634 5
997 -0.458486 1.775026 -0.987170 0.159674 6
998 -1.743085 1.979017 0.008737 -0.999962 6
999 -1.978960 0.833579 0.999952 0.009839 6
1000 -0.900354 0.670508 -0.071565 0.997436 6
1001 -0.604427 0.892974 0.978422 -0.206618 7
1002 -0.278066 0.132721 0.818151 0.575003 7
1003 0.598993 0.602121 -0.835993 0.548740 7
1004 0.435455 1.770991 -0.983449 -0.181185 7
1005 -0.302374 1.963134 0.202546 -0.979273 7
1006 0.605548 -0.893226 -0.978945 0.204125 8
1007 0.277041 -0.133447 -0.817010 -0.576623 8
1008 -0.598143 -0.602713 0.834510 -0.550993 8
1009 -0.436988 -1.771278 0.983529 0.180748 8
1010 0.302458 -1.962684 -0.201427 0.979503 8
1011 0.797567 -1.979210 0.000538 1.000000 1
1012 1.979172 -1.681675 -0.999999 0.001719 1
1013 1.698639 -0.611363 0.066164 -0.997809 1
1014 0.611193 -0.981363 0.981045 -0.193782 1
1015 1.647923 1.979269 -0.000778 -1.000000 2
1016 0.472636 1.695251 0.983441 0.181227 2
1017 0.980307 0.664912 0.070014 0.997546 2
1018 1.979255 0.918451 -0.999999 0.001207 2
1019 0.982380 -0.641048 -0.071891 0.997413 3
1020 1.976250 -0.331967 -0.999958 0.009154 3
1021 1.701500 0.591052 -0.067886 -0.997693 3
1022 0.588985 0.543624 0.808214 -0.588888 3
1023 0.325617 -0.160402 0.833776 0.552103 3
1024 -1.701360 -0.589069 0.067538 0.997717 4
1025 -0.588144 -0.544194 -0.807277 0.590172 4
1026 -0.326507 0.159817 -0.833698 -0.552220 4
1027 -0.982518 0.642714 0.069822 -0.997559 4
1028 -1.976261 0.331967 0.999961 -0.008829 4
1029 -1.979188 -0.917803 0.999999 -0.001162 5
1030 -1.647253 -1.979204 0.000767 1.000000 5
1031 -0.474601 -1.693398 -0.983626 -0.180219 5
1032 -0.986237 -0.662857 -0.072141 -0.997394 5
1033 -0.609355 0.983353 -0.980907 0.194476 6
1034 -0.791507 1.979274 -0.000568 -1.000000 6
1035 -1.979242 1.682297 0.999999 -0.001712 6
1036 -1.699411 0.613265 -0.066388 0.997794 6
1037 -0.450189 1.690952 0.983089 -0.183126 7
1038 -0.569650 0.559205 0.821951 0.569558 7
1039 0.307538 0.175503 -0.825732 0.564062 7
1040 0.588213 0.972683 -0.980856 -0.194732 7
1041 0.246780 1.969937 -0.070693 -0.997498 7
1042 0.451628 -1.691231 -0.983298 0.182004 8
1043 0.568719 -0.559848 -0.821279 -0.570527 8
1044 -0.306552 -0.176179 0.825324 -0.564659 8
1045 -0.589470 -0.972936 0.981051 0.193750 8
1046 -0.246811 -1.969484 0.070941 0.997481 8
1047 1.552825 -1.979225 -0.000062 1.000000 1
1048 1.979221 -1.002702 -1.000000 -0.000129 1
1049 1.065418 -0.657118 0.072551 -0.997365 1
1050 0.489438 -1.614011 0.982594 -0.185767 1
1051 0.886678 1.979290 0.000049 -1.000000 2
1052 0.593894 1.062445 0.981697 0.190448 2
1053 1.619405 0.618772 0.070127 0.997538 2
1054 1.979289 1.597409 -1.000000 -0.000176 2
1055 1.621428 -0.594586 -0.070161 0.997536 3
1056 1.976534 0.258177 -0.999999 -0.001512 3
1057 1.062398 0.637048 -0.071498 -0.997441 3
1058 0.355338 0.202824 0.828934 -0.559347 3
1059 0.558057 -0.501949 0.819047 0.573727 3
1060 -1.062261 -0.635266 0.072519 0.997367 4
1061 -0.354455 -0.203419 -0.828906 0.559388 4
1062 -0.558938 0.501353 -0.819305 -0.573358 4
1063 -1.621575 0.596580 0.070153 -0.997536 4
1064 -1.976532 -0.258177 0.999999 0.001564 4
1065 -1.979220 -1.596774 1.000000 0.000180 5
1066 -0.891999 -1.979225 -0.000048 1.000000 5
1067 -0.595759 -1.060489 -0.981742 -0.190219 5
1068 -1.619363 -0.616811 -0.070151 -0.997536 5
1069 -0.487523 1.615949 -0.982492 0.186305 6
1070 -1.552754 1.979290 0.000062 -1.000000 6
1071 -1.979290 1.003335 1.000000 0.000135 6
1072 -1.060225 0.659243 -0.071463 0.997443 6
1073 -0.572599 1.052465 0.981673 -0.190574 7
1074 -0.336648 0.218257 0.826878 0.562381 7
1075 0.540163 0.516716 -0.822342 0.568993 7
1076 0.465242 1.611017 -0.982457 -0.186488 7
1077 -0.191538 1.972175 0.022819 -0.999740 7
1078 0.573905 -1.052717 -0.981733 0.190266 8
1079 0.335679 -0.218916 -0.826717 -0.562618 8
1080 -0.539200 -0.517374 0.822156 -0.569262 8
1081 -0.466610 -1.611283 0.982573 0.185876 8
1082 0.191547 -1.971741 -0.023113 0.999733 8
1083 1.175210 -1.979226 0.000000 1.000000 1
1084 1.979225 -1.342172 -1.000000 0.000000 1
1085 1.381944 -0.633984 0.072884 -0.997340 1
1086 0.550063 -1.297681 0.982002 -0.188868 1
1087 1.267293 1.979292 -0.000000 -1.000000 2
1088 0.532980 1.378700 0.982014 0.188809 2
1089 1.299865 0.641863 0.072589 0.997362 2
1090 1.979294 1.257938 -1.000000 0.000000 2
1091 1.301894 -0.617756 -0.072944 0.997336 3
1092 1.976586 -0.036882 -1.000000 0.000004 3
1093 1.381916 0.613852 -0.072547 -0.997365 3
1094 0.471290 0.373634 0.826767 -0.562545 3
1095 0.441398 -0.331554 0.827111 0.562039 3
1096 -1.381771 -0.611915 0.072882 0.997341 4
1097 -0.470410 -0.374231 -0.826810 0.562482 4
1098 -0.442276 0.330958 -0.827092 -0.562067 4
1099 -1.302037 0.619665 0.072589 -0.997362 4
1100 -1.976586 0.036882 1.000000 -0.000004 4
1101 -1.979225 -1.257304 1.000000 -0.000000 5
1102 -1.269614 -1.979226 0.000000 1.000000 5
1103 -0.534858 -1.376747 -0.982016 -0.188796 5
1104 -1.302813 -0.639770 -0.072944 -0.997336 5
1105 -0.548185 1.299634 -0.982001 0.188874 6
1106 -1.172139 1.979292 -0.000000 -1.000000 6
1107 -1.979294 1.342806 1.000000 -0.000000 6
1108 -1.379745 0.636050 -0.072552 0.997365 6
1109 -0.511121 1.371608 0.982013 -0.188812 7
1110 -0.452701 0.388986 0.826778 0.562529 7
1111 0.423687 0.346312 -0.827059 0.562114 7
1112 0.526465 1.291819 -0.982001 -0.188876 7
1113 0.027347 1.973124 -0.000381 -1.000000 7
1114 0.512445 -1.371862 -0.982016 0.188797 8
1115 0.451739 -0.389639 -0.826823 -0.562463 8
1116 -0.422727 -0.346964 0.827077 -0.562089 8
1117 -0.527788 -1.292073 0.982002 0.188869 8
1118 -0.027347 -1.972709 0.000391 1.000000 8
1119 1.922570 -1.956706 -0.447390 0.894339 1
1120 1.962229 -0.667218 -0.934209 -0.356727 1
1121 0.738586 -0.689226 0.306619 -0.951832 1
1122 0.471003 -1.933279 0.819424 0.573188 1
1123 0.511124 1.963100 0.347155 -0.937808 2
1124 0.674026 0.740023 0.863866 0.503722 2
1125 1.933148 0.628320 -0.580820 0.814032 2
1126 1.954422 1.926723 -0.887254 -0.461281 2
1127 1.919226 -0.556750 -0.524082 0.851668 3
1128 1.946691 0.530771 -0.850957 -0.525235 3
1129 0.749263 0.656981 0.025757 -0.999668 3
1130 -0.748991 -0.656417 -0.016994 0.999856 4
1131 -1.919443 0.558407 0.528318 -0.849046 4
1132 -1.945949 -0.530109 0.845384 0.534159 4
1133 -1.953995 -1.927090 0.883311 0.468787 5
1134 -0.517640 -1.964339 -0.322602 0.946535 5
1135 -0.677021 -0.735802 -0.848838 -0.528653 5
1136 -1.932439 -0.625822 0.569020 -0.822324 5
1137 -0.467553 1.932150 -0.835661 -0.549246 6
1138 -1.924028 1.956046 0.458802 -0.888539 6
1139 -1.962577 0.670010 0.935947 0.352140 6
1140 -0.732091 0.691666 -0.338205 0.941072 6
1141 -0.637861 0.742077 0.987833 -0.155516 7
1142 0.398158 1.906561 -0.843911 -0.536483 7
1143 0.638131 -0.742373 -0.989516 0.144421 8
1144 -0.399004 -1.906385 0.837102 0.547046 8
1145 0.272181 0.070744 0.897911 -0.440178 3
1146 -0.271338 -0.071069 -0.900423 0.435016 4
1147 0.271338 -0.071069 0.900423 0.435016 3
1148 -0.272181 0.070744 -0.897911 -0.440178 4
